0.005 0.016432962
0.01 0.038312661
0.015 0.062029904
0.02 0.086383192
0.025 0.11096731
0.03 0.13564299
0.035 0.16036081
0.04 0.18510219
0.045 0.20985942
0.05 0.23462882
0.055 0.25940828
0.06 0.28419643
0.065 0.30899227
0.07 0.333795
0.075 0.35860398
0.08 0.38341867
0.085 0.40823862
0.09 0.43306342
0.095 0.45789274
0.1 0.48272626
0.105 0.50756371
0.11 0.53240485
0.115 0.55724946
0.12 0.58209734
0.125 0.60694828
0.13 0.63180212
0.135 0.65665868
0.14 0.68151779
0.145 0.7063793
0.15 0.73124304
0.155 0.75610885
0.16 0.78097659
0.165 0.80584609
0.17 0.8307172
0.175 0.85558978
0.18 0.88046365
0.185 0.90533869
0.19 0.93021472
0.195 0.95509161
0.2 0.97996919
0.205 1.0048473
0.21 1.0297259
0.215 1.0546047
0.22 1.0794836
0.225 1.1043625
0.23 1.1292412
0.235 1.1541196
0.24 1.1789975
0.245 1.2038749
0.25 1.2287514
0.255 1.2536271
0.26 1.2785018
0.265 1.3033752
0.27 1.3282473
0.275 1.3531179
0.28 1.3779869
0.285 1.4028541
0.29 1.4277194
0.295 1.4525825
0.3 1.4774433
0.305 1.5023018
0.31 1.5271575
0.315 1.5520105
0.32 1.5768606
0.325 1.6017074
0.33 1.6265509
0.335 1.6513908
0.34 1.676227
0.345 1.7010592
0.35 1.7258872
0.355 1.7507109
0.36 1.7755298
0.365 1.8003439
0.37 1.8251529
0.375 1.8499565
0.38 1.8747545
0.385 1.8995467
0.39 1.9243326
0.395 1.9491122
0.4 1.973885
0.405 1.9986508
0.41 2.0234093
0.415 2.0481602
0.42 2.0729032
0.425 2.0976379
0.43 2.122364
0.435 2.1470812
0.44 2.1717892
0.445 2.1964876
0.45 2.221176
0.455 2.2458541
0.46 2.2705215
0.465 2.2951778
0.47 2.3198226
0.475 2.3444556
0.48 2.3690764
0.485 2.3936845
0.49 2.4182796
0.495 2.4428612
0.5 2.4674289
0.505 2.4919823
0.51 2.5165209
0.515 2.5410444
0.52 2.5655522
0.525 2.5900439
0.53 2.6145191
0.535 2.6389774
0.54 2.6634182
0.545 2.6878411
0.55 2.7122456
0.555 2.7366312
0.56 2.7609975
0.565 2.7853439
0.57 2.8096699
0.575 2.8339751
0.58 2.8582589
0.585 2.8825208
0.59 2.9067603
0.595 2.9309768
0.6 2.95517
0.605 2.9793393
0.61 3.0034841
0.615 3.027604
0.62 3.0516983
0.625 3.0757667
0.63 3.0998086
0.635 3.1238234
0.64 3.1478106
0.645 3.1717697
0.65 3.1957001
0.655 3.2196012
0.66 3.2434726
0.665 3.2673137
0.67 3.2911239
0.675 3.3149027
0.68 3.3386495
0.685 3.3623637
0.69 3.3860449
0.695 3.4096923
0.7 3.4333056
0.705 3.4568841
0.71 3.4804274
0.715 3.5039347
0.72 3.5274057
0.725 3.5508397
0.73 3.5742362
0.735 3.5975946
0.74 3.6209144
0.745 3.6441951
0.75 3.6674361
0.755 3.6906368
0.76 3.7137967
0.765 3.7369152
0.77 3.7599919
0.775 3.783026
0.78 3.8060171
0.785 3.8289647
0.79 3.8518681
0.795 3.8747268
0.8 3.8975404
0.805 3.9203081
0.81 3.9430296
0.815 3.9657042
0.82 3.9883314
0.825 4.0109108
0.83 4.0334418
0.835 4.0559238
0.84 4.0783563
0.845 4.1007388
0.85 4.1230706
0.855 4.1453514
0.86 4.1675806
0.865 4.1897576
0.87 4.2118819
0.875 4.233953
0.88 4.2559704
0.885 4.2779335
0.89 4.2998419
0.895 4.3216949
0.9 4.3434922
0.905 4.3652331
0.91 4.3869173
0.915 4.4085442
0.92 4.4301133
0.925 4.4516243
0.93 4.4730768
0.935 4.4944701
0.94 4.5158039
0.945 4.5370775
0.95 4.5582906
0.955 4.5794426
0.96 4.600533
0.965 4.6215614
0.97 4.6425273
0.975 4.6634301
0.98 4.6842695
0.985 4.705045
0.99 4.725756
0.995 4.7464023
1 4.7669834
1.005 4.7874988
1.01 4.807948
1.015 4.8283307
1.02 4.8486464
1.025 4.8688947
1.03 4.8890752
1.035 4.9091874
1.04 4.9292311
1.045 4.9492057
1.05 4.9691109
1.055 4.9889463
1.06 5.0087117
1.065 5.0284065
1.07 5.0480304
1.075 5.0675828
1.08 5.0870635
1.085 5.106472
1.09 5.1258081
1.095 5.1450712
1.1 5.1642609
1.105 5.1833771
1.11 5.2024191
1.115 5.2213869
1.12 5.2402799
1.125 5.2590978
1.13 5.2778404
1.135 5.2965072
1.14 5.3150979
1.145 5.3336122
1.15 5.35205
1.155 5.3704109
1.16 5.3886945
1.165 5.4069004
1.17 5.4250284
1.175 5.4430781
1.18 5.4610491
1.185 5.4789413
1.19 5.4967543
1.195 5.5144878
1.2 5.5321414
1.205 5.5497149
1.21 5.567208
1.215 5.5846205
1.22 5.6019521
1.225 5.6192026
1.23 5.6363715
1.235 5.6534588
1.24 5.6704641
1.245 5.6873873
1.25 5.7042281
1.255 5.7209863
1.26 5.7376617
1.265 5.754254
1.27 5.7707629
1.275 5.7871883
1.28 5.8035298
1.285 5.8197873
1.29 5.8359605
1.295 5.8520492
1.3 5.8680532
1.305 5.8839722
1.31 5.8998061
1.315 5.9155546
1.32 5.9312177
1.325 5.946795
1.33 5.9622865
1.335 5.9776921
1.34 5.9930115
1.345 6.0082447
1.35 6.0233913
1.355 6.0384512
1.36 6.0534243
1.365 6.0683103
1.37 6.0831092
1.375 6.0978207
1.38 6.1124447
1.385 6.1269811
1.39 6.1414297
1.395 6.1557903
1.4 6.1700627
1.405 6.1842469
1.41 6.1983428
1.415 6.2123501
1.42 6.2262689
1.425 6.240099
1.43 6.2538403
1.435 6.2674927
1.44 6.2810561
1.445 6.2945303
1.45 6.3079151
1.455 6.3212105
1.46 6.3344165
1.465 6.3475329
1.47 6.3605597
1.475 6.3734971
1.48 6.386345
1.485 6.3991032
1.49 6.4117717
1.495 6.4243502
1.5 6.4368388
1.505 6.4492374
1.51 6.4615459
1.515 6.4737642
1.52 6.4858924
1.525 6.4979303
1.53 6.5098778
1.535 6.5217349
1.54 6.5335015
1.545 6.5451777
1.55 6.5567633
1.555 6.5682584
1.56 6.5796629
1.565 6.5909769
1.57 6.6022005
1.575 6.6133334
1.58 6.6243757
1.585 6.6353274
1.59 6.6461885
1.595 6.656959
1.6 6.6676389
1.605 6.6782282
1.61 6.6887269
1.615 6.6991349
1.62 6.7094528
1.625 6.7196806
1.63 6.7298181
1.635 6.7398654
1.64 6.7498223
1.645 6.759689
1.65 6.7694653
1.655 6.7791513
1.66 6.7887469
1.665 6.7982521
1.67 6.807667
1.675 6.8169917
1.68 6.8262262
1.685 6.8353705
1.69 6.8444247
1.695 6.8533888
1.7 6.8622629
1.705 6.871047
1.71 6.879741
1.715 6.8883453
1.72 6.8968601
1.725 6.9052853
1.73 6.9136209
1.735 6.921867
1.74 6.9300236
1.745 6.9380908
1.75 6.9460687
1.755 6.9539573
1.76 6.9617568
1.765 6.9694671
1.77 6.9770884
1.775 6.9846209
1.78 6.9920645
1.785 6.9994193
1.79 7.0066855
1.795 7.013863
1.8 7.0209521
1.805 7.0279527
1.81 7.0348651
1.815 7.0416893
1.82 7.0484255
1.825 7.0550735
1.83 7.0616337
1.835 7.068106
1.84 7.0744907
1.845 7.0807877
1.85 7.0869975
1.855 7.0931198
1.86 7.0991555
1.865 7.1051046
1.87 7.1109671
1.875 7.116743
1.88 7.1224325
1.885 7.1280355
1.89 7.1335523
1.895 7.138983
1.9 7.1443277
1.905 7.1495865
1.91 7.1547595
1.915 7.1598468
1.92 7.1648486
1.925 7.1697651
1.93 7.1745963
1.935 7.1793424
1.94 7.1840036
1.945 7.1885799
1.95 7.1930717
1.955 7.1974789
1.96 7.2018018
1.965 7.2060405
1.97 7.2101952
1.975 7.2142661
1.98 7.2182533
1.985 7.222157
1.99 7.2259774
1.995 7.2297149
2 7.2333696
2.005 7.2369417
2.01 7.2404313
2.015 7.2438385
2.02 7.2471636
2.025 7.2504066
2.03 7.2535678
2.035 7.2566472
2.04 7.2596452
2.045 7.2625617
2.05 7.2653972
2.055 7.2681516
2.06 7.2708252
2.065 7.2734182
2.07 7.2759308
2.075 7.2783631
2.08 7.2807154
2.085 7.2829877
2.09 7.2851804
2.095 7.2872936
2.1 7.2893274
2.105 7.2912822
2.11 7.293158
2.115 7.2949551
2.12 7.2966737
2.125 7.2983139
2.13 7.299876
2.135 7.3013602
2.14 7.3027666
2.145 7.3040954
2.15 7.305347
2.155 7.3065214
2.16 7.3076188
2.165 7.3086396
2.17 7.3095838
2.175 7.3104517
2.18 7.3112435
2.185 7.3119594
2.19 7.3125996
2.195 7.3131642
2.2 7.3136537
2.205 7.314068
2.21 7.3144075
2.215 7.3146724
2.22 7.3148628
2.225 7.314979
2.23 7.3150212
2.235 7.3149896
2.24 7.3148845
2.245 7.314706
2.25 7.3144543
2.255 7.3141297
2.26 7.3137324
2.265 7.3132627
2.27 7.3127206
2.275 7.3121066
2.28 7.3114206
2.285 7.3106631
2.29 7.3098342
2.295 7.3089342
2.3 7.3079631
2.305 7.3069214
2.31 7.3058092
2.315 7.3046267
2.32 7.3033742
2.325 7.3020518
2.33 7.3006598
2.335 7.2991985
2.34 7.2976681
2.345 7.2960687
2.35 7.2944006
2.355 7.2926641
2.36 7.2908593
2.365 7.2889865
2.37 7.2870459
2.375 7.2850378
2.38 7.2829624
2.385 7.2808199
2.39 7.2786105
2.395 7.2763345
2.4 7.2739921
2.405 7.2715835
2.41 7.269109
2.415 7.2665688
2.42 7.2639631
2.425 7.2612922
2.43 7.2585563
2.435 7.2557555
2.44 7.2528903
2.445 7.2499607
2.45 7.2469671
2.455 7.2439096
2.46 7.2407885
2.465 7.237604
2.47 7.2343564
2.475 7.2310459
2.48 7.2276727
2.485 7.2242371
2.49 7.2207393
2.495 7.2171795
2.5 7.213558
2.505 7.2098749
2.51 7.2061307
2.515 7.2023254
2.52 7.1984593
2.525 7.1945326
2.53 7.1905456
2.535 7.1864986
2.54 7.1823917
2.545 7.1782252
2.55 7.1739993
2.555 7.1697143
2.56 7.1653705
2.565 7.1609683
2.57 7.156508
2.575 7.1519898
2.58 7.1474137
2.585 7.1427801
2.59 7.138089
2.595 7.1333408
2.6 7.1285356
2.605 7.1236737
2.61 7.1187552
2.615 7.1137805
2.62 7.1087497
2.625 7.1036631
2.63 7.098521
2.635 7.0933234
2.64 7.0880708
2.645 7.0827633
2.65 7.0774012
2.655 7.0719846
2.66 7.0665139
2.665 7.0609892
2.67 7.0554109
2.675 7.049779
2.68 7.044094
2.685 7.038356
2.69 7.0325652
2.695 7.0267218
2.7 7.0208261
2.705 7.0148784
2.71 7.0088789
2.715 7.0028278
2.72 6.9967254
2.725 6.9905719
2.73 6.9843676
2.735 6.9781126
2.74 6.9718073
2.745 6.9654519
2.75 6.9590465
2.755 6.9525914
2.76 6.9460867
2.765 6.9395329
2.77 6.93293
2.775 6.9262784
2.78 6.9195783
2.785 6.9128299
2.79 6.9060334
2.795 6.8991892
2.8 6.8922974
2.805 6.8853583
2.81 6.8783721
2.815 6.8713391
2.82 6.8642594
2.825 6.8571334
2.83 6.8499612
2.835 6.842743
2.84 6.8354792
2.845 6.82817
2.85 6.8208155
2.855 6.813416
2.86 6.8059718
2.865 6.798483
2.87 6.7909499
2.875 6.7833728
2.88 6.7757518
2.885 6.7680872
2.89 6.7603793
2.895 6.7526287
2.9 6.7448357
2.905 6.7370003
2.91 6.7291229
2.915 6.7212034
2.92 6.7132421
2.925 6.7052391
2.93 6.6971947
2.935 6.689109
2.94 6.6809823
2.945 6.6728149
2.95 6.6646068
2.955 6.6563585
2.96 6.64807
2.965 6.6397415
2.97 6.6313733
2.975 6.6229657
2.98 6.6145187
2.985 6.6060327
2.99 6.5975079
2.995 6.5889445
3 6.5803427
3.005 6.5717028
3.01 6.5630249
3.015 6.5543093
3.02 6.5455563
3.025 6.536766
3.03 6.5279386
3.035 6.5190744
3.04 6.5101735
3.045 6.5012362
3.05 6.4922628
3.055 6.4832534
3.06 6.4742082
3.065 6.4651276
3.07 6.4560116
3.075 6.4468606
3.08 6.4376747
3.085 6.4284542
3.09 6.4191993
3.095 6.4099101
3.1 6.400587
3.105 6.3912302
3.11 6.3818398
3.115 6.3724161
3.12 6.3629592
3.125 6.3534695
3.13 6.3439469
3.135 6.3343916
3.14 6.324804
3.145 6.3151843
3.15 6.3055326
3.155 6.2958493
3.16 6.2861345
3.165 6.2763886
3.17 6.2666116
3.175 6.2568038
3.18 6.2469655
3.185 6.2370969
3.19 6.2271981
3.195 6.2172694
3.2 6.207311
3.205 6.1973231
3.21 6.1873059
3.215 6.1772597
3.22 6.1671846
3.225 6.1570809
3.23 6.1469487
3.235 6.1367884
3.24 6.1266
3.245 6.1163838
3.25 6.1061401
3.255 6.095869
3.26 6.0855707
3.265 6.0752454
3.27 6.0648934
3.275 6.0545148
3.28 6.0441099
3.285 6.0336789
3.29 6.0232219
3.295 6.0127392
3.3 6.002231
3.305 5.9916975
3.31 5.9811389
3.315 5.9705554
3.32 5.9599472
3.325 5.9493145
3.33 5.9386575
3.335 5.9279764
3.34 5.9172715
3.345 5.9065428
3.35 5.8957907
3.355 5.8850151
3.36 5.8742164
3.365 5.8633947
3.37 5.8525503
3.375 5.8416834
3.38 5.8307942
3.385 5.8198829
3.39 5.8089497
3.395 5.7979947
3.4 5.7870183
3.405 5.7760206
3.41 5.7650018
3.415 5.7539621
3.42 5.7429017
3.425 5.7318208
3.43 5.7207196
3.435 5.7095983
3.44 5.6984571
3.445 5.6872962
3.45 5.6761158
3.455 5.664916
3.46 5.6536972
3.465 5.6424594
3.47 5.6312028
3.475 5.6199277
3.48 5.6086343
3.485 5.5973227
3.49 5.5859932
3.495 5.5746458
3.5 5.5632809
3.505 5.5518986
3.51 5.5404991
3.515 5.5290826
3.52 5.5176493
3.525 5.5061994
3.53 5.494733
3.535 5.4832504
3.54 5.4717517
3.545 5.4602371
3.55 5.4487069
3.555 5.4371612
3.56 5.4256001
3.565 5.414024
3.57 5.4024329
3.575 5.390827
3.58 5.3792066
3.585 5.3675718
3.59 5.3559229
3.595 5.3442599
3.6 5.3325831
3.605 5.3208927
3.61 5.3091888
3.615 5.2974717
3.62 5.2857414
3.625 5.2739983
3.63 5.2622424
3.635 5.250474
3.64 5.2386933
3.645 5.2269004
3.65 5.2150954
3.655 5.2032787
3.66 5.1914503
3.665 5.1796105
3.67 5.1677594
3.675 5.1558972
3.68 5.1440241
3.685 5.1321403
3.69 5.1202459
3.695 5.1083411
3.7 5.0964262
3.705 5.0845012
3.71 5.0725663
3.715 5.0606218
3.72 5.0486678
3.725 5.0367044
3.73 5.0247319
3.735 5.0127505
3.74 5.0007603
3.745 4.9887614
3.75 4.9767541
3.755 4.9647385
3.76 4.9527148
3.765 4.9406832
3.77 4.9286438
3.775 4.9165969
3.78 4.9045426
3.785 4.892481
3.79 4.8804123
3.795 4.8683368
3.8 4.8562545
3.805 4.8441657
3.81 4.8320705
3.815 4.819969
3.82 4.8078616
3.825 4.7957482
3.83 4.7836292
3.835 4.7715046
3.84 4.7593746
3.845 4.7472394
3.85 4.7350992
3.855 4.7229541
3.86 4.7108043
3.865 4.69865
3.87 4.6864913
3.875 4.6743284
3.88 4.6621614
3.885 4.6499906
3.89 4.637816
3.895 4.6256379
3.9 4.6134564
3.905 4.6012717
3.91 4.5890839
3.915 4.5768933
3.92 4.5646998
3.925 4.5525039
3.93 4.5403055
3.935 4.5281048
3.94 4.5159021
3.945 4.5036974
3.95 4.4914909
3.955 4.4792829
3.96 4.4670733
3.965 4.4548625
3.97 4.4426506
3.975 4.4304377
3.98 4.4182239
3.985 4.4060095
3.99 4.3937946
3.995 4.3815793
4 4.3693639
4.005 4.3571484
4.01 4.344933
4.015 4.3327179
4.02 4.3205033
4.025 4.3082892
4.03 4.2960759
4.035 4.2838634
4.04 4.271652
4.045 4.2594418
4.05 4.2472329
4.055 4.2350256
4.06 4.2228199
4.065 4.210616
4.07 4.1984141
4.075 4.1862143
4.08 4.1740167
4.085 4.1618216
4.09 4.149629
4.095 4.1374391
4.1 4.1252521
4.105 4.1130681
4.11 4.1008872
4.115 4.0887097
4.12 4.0765356
4.125 4.0643651
4.13 4.0521984
4.135 4.0400355
4.14 4.0278767
4.145 4.015722
4.15 4.0035717
4.155 3.9914259
4.16 3.9792847
4.165 3.9671483
4.17 3.9550167
4.175 3.9428902
4.18 3.9307689
4.185 3.918653
4.19 3.9065425
4.195 3.8944377
4.2 3.8823386
4.205 3.8702454
4.21 3.8581583
4.215 3.8460773
4.22 3.8340027
4.225 3.8219345
4.23 3.809873
4.235 3.7978182
4.24 3.7857703
4.245 3.7737294
4.25 3.7616956
4.255 3.7496692
4.26 3.7376502
4.265 3.7256388
4.27 3.713635
4.275 3.7016392
4.28 3.6896513
4.285 3.6776715
4.29 3.6656999
4.295 3.6537368
4.3 3.6417822
4.305 3.6298362
4.31 3.617899
4.315 3.6059707
4.32 3.5940515
4.325 3.5821415
4.33 3.5702407
4.335 3.5583494
4.34 3.5464677
4.345 3.5345958
4.35 3.5227336
4.355 3.5108814
4.36 3.4990393
4.365 3.4872075
4.37 3.475386
4.375 3.463575
4.38 3.4517745
4.385 3.4399849
4.39 3.4282061
4.395 3.4164383
4.4 3.4046816
4.405 3.3929361
4.41 3.3812021
4.415 3.3694795
4.42 3.3577685
4.425 3.3460693
4.43 3.334382
4.435 3.3227067
4.44 3.3110434
4.445 3.2993924
4.45 3.2877538
4.455 3.2761277
4.46 3.2645141
4.465 3.2529133
4.47 3.2413253
4.475 3.2297503
4.48 3.2181884
4.485 3.2066397
4.49 3.1951043
4.495 3.1835824
4.5 3.172074
4.505 3.1605793
4.51 3.1490984
4.515 3.1376315
4.52 3.1261786
4.525 3.1147399
4.53 3.1033157
4.535 3.0919059
4.54 3.0805106
4.545 3.06913
4.55 3.0577641
4.555 3.0464132
4.56 3.0350771
4.565 3.0237562
4.57 3.0124505
4.575 3.0011601
4.58 2.989885
4.585 2.9786255
4.59 2.9673817
4.595 2.9561535
4.6 2.9449413
4.605 2.9337452
4.61 2.9225653
4.615 2.9114017
4.62 2.9002544
4.625 2.8891236
4.63 2.8780093
4.635 2.8669117
4.64 2.8558309
4.645 2.8447669
4.65 2.8337198
4.655 2.8226898
4.66 2.8116769
4.665 2.8006813
4.67 2.789703
4.675 2.7787422
4.68 2.7677989
4.685 2.7568733
4.69 2.7459654
4.695 2.7350754
4.7 2.7242033
4.705 2.7133493
4.71 2.7025135
4.715 2.6916959
4.72 2.6808967
4.725 2.6701159
4.73 2.6593537
4.735 2.6486101
4.74 2.6378853
4.745 2.6271793
4.75 2.6164923
4.755 2.6058243
4.76 2.5951754
4.765 2.5845458
4.77 2.5739355
4.775 2.5633446
4.78 2.5527732
4.785 2.5422215
4.79 2.5316894
4.795 2.5211772
4.8 2.5106848
4.805 2.5002124
4.81 2.4897601
4.815 2.479328
4.82 2.4689161
4.825 2.4585245
4.83 2.4481534
4.835 2.4378029
4.84 2.427473
4.845 2.4171639
4.85 2.4068756
4.855 2.3966082
4.86 2.3863619
4.865 2.3761366
4.87 2.3659324
4.875 2.3557495
4.88 2.3455879
4.885 2.3354478
4.89 2.3253291
4.895 2.3152321
4.9 2.3051567
4.905 2.295103
4.91 2.2850712
4.915 2.2750613
4.92 2.2650734
4.925 2.2551076
4.93 2.2451639
4.935 2.2352425
4.94 2.2253434
4.945 2.2154667
4.95 2.2056125
4.955 2.1957808
4.96 2.1859718
4.965 2.1761855
4.97 2.166422
4.975 2.1566814
4.98 2.1469638
4.985 2.1372691
4.99 2.1275976
4.995 2.1179493
5 2.1083242
5.005 2.0987224
5.01 2.0891441
5.015 2.0795893
5.02 2.070058
5.025 2.0605505
5.03 2.0510666
5.035 2.0416064
5.04 2.0321695
5.045 2.022756
5.05 2.0133662
5.055 2.0040001
5.06 1.994658
5.065 1.9853399
5.07 1.9760459
5.075 1.9667762
5.08 1.9575308
5.085 1.9483097
5.09 1.9391132
5.095 1.9299413
5.1 1.920794
5.105 1.9116714
5.11 1.9025736
5.115 1.8935006
5.12 1.8844526
5.125 1.8754296
5.13 1.8664316
5.135 1.8574588
5.14 1.8485112
5.145 1.8395888
5.15 1.8306918
5.155 1.8218202
5.16 1.812974
5.165 1.8041534
5.17 1.7953583
5.175 1.7865889
5.18 1.7778452
5.185 1.7691272
5.19 1.7604351
5.195 1.7517689
5.2 1.7431286
5.205 1.7345144
5.21 1.7259261
5.215 1.717364
5.22 1.7088281
5.225 1.7003184
5.23 1.691835
5.235 1.683378
5.24 1.6749473
5.245 1.6665431
5.25 1.6581654
5.255 1.6498142
5.26 1.6414897
5.265 1.6331918
5.27 1.6249206
5.275 1.6166762
5.28 1.6084586
5.285 1.6002679
5.29 1.5921041
5.295 1.5839673
5.3 1.5758574
5.305 1.5677747
5.31 1.5597191
5.315 1.5516908
5.32 1.5436898
5.325 1.5357161
5.33 1.5277697
5.335 1.5198507
5.34 1.5119592
5.345 1.5040951
5.35 1.4962585
5.355 1.4884494
5.36 1.4806679
5.365 1.472914
5.37 1.4651877
5.375 1.4574892
5.38 1.4498184
5.385 1.4421753
5.39 1.4345601
5.395 1.4269727
5.4 1.4194133
5.405 1.4118817
5.41 1.4043781
5.415 1.3969026
5.42 1.389455
5.425 1.3820356
5.43 1.3746442
5.435 1.3672811
5.44 1.3599461
5.445 1.3526393
5.45 1.3453608
5.455 1.3381106
5.46 1.3308888
5.465 1.3236955
5.47 1.3165306
5.475 1.3093942
5.48 1.3022863
5.485 1.2952069
5.49 1.2881561
5.495 1.2811338
5.5 1.2741401
5.505 1.267175
5.51 1.2602386
5.515 1.2533308
5.52 1.2464518
5.525 1.2396015
5.53 1.23278
5.535 1.2259872
5.54 1.2192233
5.545 1.2124883
5.55 1.2057822
5.555 1.1991051
5.56 1.1924569
5.565 1.1858377
5.57 1.1792474
5.575 1.1726862
5.58 1.166154
5.585 1.1596508
5.59 1.1531767
5.595 1.1467317
5.6 1.1403158
5.605 1.1339291
5.61 1.1275715
5.615 1.1212432
5.62 1.114944
5.625 1.1086741
5.63 1.1024335
5.635 1.0962221
5.64 1.09004
5.645 1.0838871
5.65 1.0777636
5.655 1.0716694
5.66 1.0656046
5.665 1.0595691
5.67 1.0535631
5.675 1.0475865
5.68 1.0416392
5.685 1.0357214
5.69 1.029833
5.695 1.0239741
5.7 1.0181446
5.705 1.0123447
5.71 1.0065742
5.715 1.0008332
5.72 0.99512176
5.725 0.98943984
5.73 0.98378747
5.735 0.97816466
5.74 0.97257137
5.745 0.96700767
5.75 0.96147351
5.755 0.95596897
5.76 0.95049398
5.765 0.94504865
5.77 0.93963255
5.775 0.9342457
5.78 0.92888818
5.785 0.92356007
5.79 0.91826143
5.795 0.91299231
5.8 0.90775273
5.805 0.90254271
5.81 0.89736228
5.815 0.89221143
5.82 0.88709019
5.825 0.88199856
5.83 0.87693656
5.835 0.87190418
5.84 0.86690144
5.845 0.86192833
5.85 0.85698487
5.855 0.85207105
5.86 0.84718687
5.865 0.84233235
5.87 0.83750747
5.875 0.83271225
5.88 0.82794668
5.885 0.82321075
5.89 0.81850448
5.895 0.81382785
5.9 0.80918086
5.905 0.80456352
5.91 0.79997583
5.915 0.79541776
5.92 0.79088933
5.925 0.78639053
5.93 0.78192136
5.935 0.7774818
5.94 0.77307186
5.945 0.76869152
5.95 0.76434079
5.955 0.76001965
5.96 0.7557281
5.965 0.75146613
5.97 0.74723374
5.975 0.74303091
5.98 0.73885764
5.985 0.73471391
5.99 0.73059972
5.995 0.72651506
6 0.72245992
6.005 0.71843429
6.01 0.71443816
6.015 0.71047151
6.02 0.70653433
6.025 0.70262662
6.03 0.69874836
6.035 0.69489953
6.04 0.69108013
6.045 0.68729014
6.05 0.68352955
6.055 0.67979834
6.06 0.6760965
6.065 0.67242401
6.07 0.66878086
6.075 0.66516703
6.08 0.66158251
6.085 0.65802729
6.09 0.65450133
6.095 0.65100463
6.1 0.64753718
6.105 0.64409894
6.11 0.64068991
6.115 0.63731006
6.12 0.63395938
6.125 0.63063785
6.13 0.62734544
6.135 0.62408215
6.14 0.62084794
6.145 0.6176428
6.15 0.61446671
6.155 0.61131964
6.16 0.60820158
6.165 0.6051125
6.17 0.60205238
6.175 0.5990212
6.18 0.59601893
6.185 0.59304556
6.19 0.59010105
6.195 0.58718539
6.2 0.58429854
6.205 0.5814405
6.21 0.57861122
6.215 0.57581069
6.22 0.57303888
6.225 0.57029576
6.23 0.56758132
6.235 0.56489551
6.24 0.56223832
6.245 0.55960971
6.25 0.55700967
6.255 0.55443816
6.26 0.55189515
6.265 0.54938062
6.27 0.54689453
6.275 0.54443687
6.28 0.54200759
6.285 0.53960667
6.29 0.53723408
6.295 0.53488979
6.3 0.53257377
6.305 0.53028598
6.31 0.5280264
6.315 0.525795
6.32 0.52359174
6.325 0.52141658
6.33 0.51926951
6.335 0.51715048
6.34 0.51505946
6.345 0.51299642
6.35 0.51096133
6.355 0.50895414
6.36 0.50697484
6.365 0.50502337
6.37 0.50309971
6.375 0.50120383
6.38 0.49933568
6.385 0.49749523
6.39 0.49568245
6.395 0.49389729
6.4 0.49213973
6.405 0.49040972
6.41 0.48870722
6.415 0.48703221
6.42 0.48538464
6.425 0.48376448
6.43 0.48217168
6.435 0.4806062
6.44 0.47906802
6.445 0.47755708
6.45 0.47607335
6.455 0.4746168
6.46 0.47318737
6.465 0.47178503
6.47 0.47040974
6.475 0.46906146
6.48 0.46774014
6.485 0.46644575
6.49 0.46517824
6.495 0.46393758
6.5 0.46272371
6.505 0.4615366
6.51 0.46037621
6.515 0.45924248
6.52 0.45813539
6.525 0.45705487
6.53 0.4560009
6.535 0.45497343
6.54 0.4539724
6.545 0.45299778
6.55 0.45204953
6.555 0.45112759
6.56 0.45023193
6.565 0.44936249
6.57 0.44851923
6.575 0.44770211
6.58 0.44691107
6.585 0.44614607
6.59 0.44540707
6.595 0.44469402
6.6 0.44400687
6.605 0.44334557
6.61 0.44271007
6.615 0.44210033
6.62 0.4415163
6.625 0.44095793
6.63 0.44042517
6.635 0.43991797
6.64 0.43943628
6.645 0.43898006
6.65 0.43854925
6.655 0.4381438
6.66 0.43776367
6.665 0.43740879
6.67 0.43707913
6.675 0.43677464
6.68 0.43649525
6.685 0.43624092
6.69 0.43601159
6.695 0.43580722
6.7 0.43562776
6.705 0.43547314
6.71 0.43534333
6.715 0.43523826
6.72 0.43515788
6.725 0.43510214
6.73 0.43507099
6.735 0.43506437
6.74 0.43508223
6.745 0.43512451
6.75 0.43519117
6.755 0.43528214
6.76 0.43539738
6.765 0.43553682
6.77 0.43570041
6.775 0.4358881
6.78 0.43609984
6.785 0.43633555
6.79 0.4365952
6.795 0.43687872
6.8 0.43718607
6.805 0.43751717
6.81 0.43787197
6.815 0.43825043
6.82 0.43865248
6.825 0.43907806
6.83 0.43952711
6.835 0.43999959
6.84 0.44049543
6.845 0.44101457
6.85 0.44155695
6.855 0.44212253
6.86 0.44271123
6.865 0.443323
6.87 0.44395778
6.875 0.44461551
6.88 0.44529614
6.885 0.4459996
6.89 0.44672584
6.895 0.44747478
6.9 0.44824639
6.905 0.44904058
6.91 0.44985731
6.915 0.45069651
6.92 0.45155813
6.925 0.4524421
6.93 0.45334836
6.935 0.45427685
6.94 0.4552275
6.945 0.45620027
6.95 0.45719508
6.955 0.45821188
6.96 0.45925059
6.965 0.46031117
6.97 0.46139354
6.975 0.46249765
6.98 0.46362344
6.985 0.46477083
6.99 0.46593977
6.995 0.4671302
7 0.46834204
7.005 0.46957525
7.01 0.47082975
7.015 0.47210548
7.02 0.47340237
7.025 0.47472038
7.03 0.47605942
7.035 0.47741943
7.04 0.47880036
7.045 0.48020213
7.05 0.48162469
7.055 0.48306796
7.06 0.48453188
7.065 0.4860164
7.07 0.48752143
7.075 0.48904692
7.08 0.49059281
7.085 0.49215902
7.09 0.49374549
7.095 0.49535215
7.1 0.49697895
7.105 0.4986258
7.11 0.50029266
7.115 0.50197944
7.12 0.50368609
7.125 0.50541254
7.13 0.50715872
7.135 0.50892456
7.14 0.51071
7.145 0.51251497
7.15 0.5143394
7.155 0.51618323
7.16 0.51804639
7.165 0.51992882
7.17 0.52183043
7.175 0.52375117
7.18 0.52569097
7.185 0.52764977
7.19 0.52962748
7.195 0.53162405
7.2 0.53363941
7.205 0.53567348
7.21 0.53772621
7.215 0.53979751
7.22 0.54188733
7.225 0.5439956
7.23 0.54612224
7.235 0.54826719
7.24 0.55043037
7.245 0.55261172
7.25 0.55481118
7.255 0.55702866
7.26 0.55926411
7.265 0.56151745
7.27 0.56378861
7.275 0.56607752
7.28 0.56838412
7.285 0.57070833
7.29 0.57305008
7.295 0.57540931
7.3 0.57778594
7.305 0.58017991
7.31 0.58259114
7.315 0.58501956
7.32 0.58746511
7.325 0.58992771
7.33 0.59240729
7.335 0.59490378
7.34 0.59741712
7.345 0.59994722
7.35 0.60249403
7.355 0.60505747
7.36 0.60763746
7.365 0.61023394
7.37 0.61284684
7.375 0.61547609
7.38 0.61812161
7.385 0.62078333
7.39 0.62346118
7.395 0.6261551
7.4 0.628865
7.405 0.63159083
7.41 0.63433249
7.415 0.63708994
7.42 0.63986309
7.425 0.64265187
7.43 0.64545621
7.435 0.64827604
7.44 0.65111129
7.445 0.65396188
7.45 0.65682775
7.455 0.65970882
7.46 0.66260501
7.465 0.66551627
7.47 0.66844251
7.475 0.67138366
7.48 0.67433966
7.485 0.67731042
7.49 0.68029588
7.495 0.68329597
7.5 0.68631061
7.505 0.68933973
7.51 0.69238326
7.515 0.69544112
7.52 0.69851325
7.525 0.70159957
7.53 0.7047
7.535 0.70781449
7.54 0.71094294
7.545 0.7140853
7.55 0.71724148
7.555 0.72041142
7.56 0.72359505
7.565 0.72679228
7.57 0.73000306
7.575 0.7332273
7.58 0.73646493
7.585 0.73971588
7.59 0.74298008
7.595 0.74625745
7.6 0.74954792
7.605 0.75285143
7.61 0.75616789
7.615 0.75949723
7.62 0.76283938
7.625 0.76619427
7.63 0.76956183
7.635 0.77294198
7.64 0.77633465
7.645 0.77973976
7.65 0.78315725
7.655 0.78658704
7.66 0.79002906
7.665 0.79348323
7.67 0.79694948
7.675 0.80042775
7.68 0.80391795
7.685 0.80742001
7.69 0.81093387
7.695 0.81445944
7.7 0.81799666
7.705 0.82154545
7.71 0.82510574
7.715 0.82867745
7.72 0.83226052
7.725 0.83585487
7.73 0.83946043
7.735 0.84307713
7.74 0.84670488
7.745 0.85034363
7.75 0.8539933
7.755 0.85765381
7.76 0.86132509
7.765 0.86500707
7.77 0.86869967
7.775 0.87240283
7.78 0.87611647
7.785 0.87984052
7.79 0.88357491
7.795 0.88731956
7.8 0.8910744
7.805 0.89483935
7.81 0.89861436
7.815 0.90239933
7.82 0.90619421
7.825 0.90999891
7.83 0.91381338
7.835 0.91763752
7.84 0.92147128
7.845 0.92531457
7.85 0.92916734
7.855 0.93302949
7.86 0.93690097
7.865 0.9407817
7.87 0.94467161
7.875 0.94857062
7.88 0.95247867
7.885 0.95639568
7.89 0.96032158
7.895 0.96425629
7.9 0.96819976
7.905 0.9721519
7.91 0.97611264
7.915 0.98008191
7.92 0.98405964
7.925 0.98804575
7.93 0.99204019
7.935 0.99604286
7.94 1.0000537
7.945 1.0040727
7.95 1.0080996
7.955 1.0121346
7.96 1.0161774
7.965 1.0202281
7.97 1.0242864
7.975 1.0283525
7.98 1.0324262
7.985 1.0365074
7.99 1.040596
7.995 1.0446921
8 1.0487954
8.005 1.052906
8.01 1.0570238
8.015 1.0611487
8.02 1.0652806
8.025 1.0694195
8.03 1.0735653
8.035 1.0777179
8.04 1.0818773
8.045 1.086043
8.05 1.090215
8.055 1.0943934
8.06 1.0985779
8.065 1.1027688
8.07 1.1069659
8.075 1.1111692
8.08 1.1153787
8.085 1.1195942
8.09 1.1238157
8.095 1.1280432
8.1 1.1322766
8.105 1.1365158
8.11 1.1407608
8.115 1.1450114
8.12 1.1492676
8.125 1.1535294
8.13 1.1577967
8.135 1.1620694
8.14 1.1663475
8.145 1.1706309
8.15 1.1749195
8.155 1.1792132
8.16 1.183512
8.165 1.1878158
8.17 1.1921245
8.175 1.1964381
8.18 1.2007565
8.185 1.2050797
8.19 1.2094075
8.195 1.21374
8.2 1.218077
8.205 1.2224184
8.21 1.2267643
8.215 1.2311145
8.22 1.235469
8.225 1.2398276
8.23 1.2441904
8.235 1.2485572
8.24 1.2529281
8.245 1.2573028
8.25 1.2616815
8.255 1.2660639
8.26 1.27045
8.265 1.2748398
8.27 1.2792332
8.275 1.2836301
8.28 1.2880305
8.285 1.2924343
8.29 1.2968414
8.295 1.3012518
8.3 1.3056654
8.305 1.3100822
8.31 1.314502
8.315 1.3189248
8.32 1.3233505
8.325 1.3277791
8.33 1.3322105
8.335 1.3366446
8.34 1.3410814
8.345 1.3455207
8.35 1.3499627
8.355 1.3544071
8.36 1.3588538
8.365 1.363303
8.37 1.3677544
8.375 1.372208
8.38 1.3766638
8.385 1.3811216
8.39 1.3855815
8.395 1.3900433
8.4 1.394507
8.405 1.3989726
8.41 1.4034399
8.415 1.4079089
8.42 1.4123795
8.425 1.4168517
8.43 1.4213254
8.435 1.4258005
8.44 1.4302771
8.445 1.4347549
8.45 1.439234
8.455 1.4437143
8.46 1.4481958
8.465 1.4526783
8.47 1.4571618
8.475 1.4616462
8.48 1.4661315
8.485 1.4706177
8.49 1.4751046
8.495 1.4795922
8.5 1.4840805
8.505 1.4885693
8.51 1.4930587
8.515 1.4975486
8.52 1.5020389
8.525 1.5065295
8.53 1.5110204
8.535 1.5155115
8.54 1.5200027
8.545 1.5244941
8.55 1.5289855
8.555 1.5334768
8.56 1.5379681
8.565 1.5424592
8.57 1.5469501
8.575 1.5514407
8.58 1.555931
8.585 1.5604209
8.59 1.5649104
8.595 1.5693994
8.6 1.5738877
8.605 1.5783755
8.61 1.5828626
8.615 1.5873489
8.62 1.5918345
8.625 1.5963192
8.63 1.6008029
8.635 1.6052857
8.64 1.6097675
8.645 1.6142482
8.65 1.6187277
8.655 1.623206
8.66 1.627683
8.665 1.6321588
8.67 1.6366331
8.675 1.6411061
8.68 1.6455775
8.685 1.6500474
8.69 1.6545157
8.695 1.6589823
8.7 1.6634473
8.705 1.6679104
8.71 1.6723718
8.715 1.6768312
8.72 1.6812887
8.725 1.6857442
8.73 1.6901976
8.735 1.6946489
8.74 1.699098
8.745 1.7035449
8.75 1.7079895
8.755 1.7124318
8.76 1.7168717
8.765 1.7213092
8.77 1.7257442
8.775 1.7301767
8.78 1.7346066
8.785 1.7390338
8.79 1.7434584
8.795 1.7478802
8.8 1.7522991
8.805 1.7567153
8.81 1.7611285
8.815 1.7655388
8.82 1.7699461
8.825 1.7743503
8.83 1.7787514
8.835 1.7831493
8.84 1.787544
8.845 1.7919354
8.85 1.7963236
8.855 1.8007083
8.86 1.8050897
8.865 1.8094675
8.87 1.8138419
8.875 1.8182126
8.88 1.8225798
8.885 1.8269433
8.89 1.831303
8.895 1.835659
8.9 1.8400111
8.905 1.8443594
8.91 1.8487038
8.915 1.8530442
8.92 1.8573806
8.925 1.8617129
8.93 1.8660411
8.935 1.8703651
8.94 1.8746849
8.945 1.8790005
8.95 1.8833118
8.955 1.8876186
8.96 1.8919211
8.965 1.8962192
8.97 1.9005127
8.975 1.9048016
8.98 1.9090859
8.985 1.9133656
8.99 1.9176406
8.995 1.9219109
9 1.9261763
9.005 1.930437
9.01 1.9346927
9.015 1.9389436
9.02 1.9431894
9.025 1.9474303
9.03 1.9516661
9.035 1.9558968
9.04 1.9601226
9.045 1.9643433
9.05 1.9685587
9.055 1.9727688
9.06 1.9769735
9.065 1.9811728
9.07 1.9853666
9.075 1.9895549
9.08 1.9937378
9.085 1.997915
9.09 2.0020867
9.095 2.0062527
9.1 2.010413
9.105 2.0145676
9.11 2.0187165
9.115 2.0228595
9.12 2.0269967
9.125 2.031128
9.13 2.0352534
9.135 2.0393728
9.14 2.0434862
9.145 2.0475935
9.15 2.0516948
9.155 2.0557898
9.16 2.0598787
9.165 2.0639615
9.17 2.0680379
9.175 2.072108
9.18 2.0761718
9.185 2.0802292
9.19 2.0842802
9.195 2.0883248
9.2 2.0923628
9.205 2.0963942
9.21 2.1004191
9.215 2.1044376
9.22 2.1084498
9.225 2.1124555
9.23 2.1164547
9.235 2.1204472
9.24 2.124433
9.245 2.1284121
9.25 2.1323843
9.255 2.1363496
9.26 2.1403081
9.265 2.1442596
9.27 2.1482041
9.275 2.1521416
9.28 2.1560719
9.285 2.1599952
9.29 2.1639114
9.295 2.1678203
9.3 2.171722
9.305 2.1756164
9.31 2.1795036
9.315 2.1833834
9.32 2.1872558
9.325 2.1911208
9.33 2.1949784
9.335 2.1988285
9.34 2.202671
9.345 2.206506
9.35 2.2103335
9.355 2.2141533
9.36 2.2179654
9.365 2.2217699
9.37 2.2255666
9.375 2.2293556
9.38 2.2331368
9.385 2.2369101
9.39 2.2406756
9.395 2.2444332
9.4 2.2481829
9.405 2.2519247
9.41 2.2556584
9.415 2.2593842
9.42 2.2631018
9.425 2.2668114
9.43 2.2705129
9.435 2.2742063
9.44 2.2778914
9.445 2.2815684
9.45 2.2852371
9.455 2.2888976
9.46 2.2925497
9.465 2.2961935
9.47 2.299829
9.475 2.3034561
9.48 2.3070748
9.485 2.310685
9.49 2.3142867
9.495 2.3178799
9.5 2.3214646
9.505 2.3250408
9.51 2.3286083
9.515 2.3321673
9.52 2.3357175
9.525 2.3392591
9.53 2.342792
9.535 2.3463162
9.54 2.3498316
9.545 2.3533382
9.55 2.356836
9.555 2.360325
9.56 2.3638051
9.565 2.3672763
9.57 2.3707386
9.575 2.374192
9.58 2.3776363
9.585 2.3810717
9.59 2.3844981
9.595 2.3879154
9.6 2.3913236
9.605 2.3947227
9.61 2.3981127
9.615 2.4014936
9.62 2.4048653
9.625 2.4082277
9.63 2.411581
9.635 2.414925
9.64 2.4182598
9.645 2.4215852
9.65 2.4249013
9.655 2.4282081
9.66 2.4315056
9.665 2.4347936
9.67 2.4380722
9.675 2.4413414
9.68 2.4446012
9.685 2.4478514
9.69 2.4510922
9.695 2.4543234
9.7 2.4575451
9.705 2.4607572
9.71 2.4639598
9.715 2.4671527
9.72 2.470336
9.725 2.4735097
9.73 2.4766737
9.735 2.479828
9.74 2.4829725
9.745 2.4861074
9.75 2.4892325
9.755 2.4923478
9.76 2.4954533
9.765 2.498549
9.77 2.5016349
9.775 2.504711
9.78 2.5077771
9.785 2.5108334
9.79 2.5138798
9.795 2.5169162
9.8 2.5199427
9.805 2.5229593
9.81 2.5259658
9.815 2.5289624
9.82 2.5319489
9.825 2.5349254
9.83 2.5378919
9.835 2.5408483
9.84 2.5437946
9.845 2.5467308
9.85 2.5496569
9.855 2.5525728
9.86 2.5554786
9.865 2.5583743
9.87 2.5612597
9.875 2.564135
9.88 2.567
9.885 2.5698548
9.89 2.5726994
9.895 2.5755337
9.9 2.5783577
9.905 2.5811714
9.91 2.5839748
9.915 2.5867679
9.92 2.5895507
9.925 2.5923231
9.93 2.5950852
9.935 2.5978369
9.94 2.6005782
9.945 2.6033091
9.95 2.6060296
9.955 2.6087396
9.96 2.6114392
9.965 2.6141284
9.97 2.616807
9.975 2.6194753
9.98 2.622133
9.985 2.6247802
9.99 2.6274169
9.995 2.630043
10 2.6326586
10.005 2.6352637
10.01 2.6378582
10.015 2.6404422
10.02 2.6430155
10.025 2.6455783
10.03 2.6481304
10.035 2.6506719
10.04 2.6532028
10.045 2.6557231
10.05 2.6582327
10.055 2.6607317
10.06 2.66322
10.065 2.6656976
10.07 2.6681645
10.075 2.6706207
10.08 2.6730663
10.085 2.6755011
10.09 2.6779252
10.095 2.6803386
10.1 2.6827412
10.105 2.6851331
10.11 2.6875142
10.115 2.6898846
10.12 2.6922442
10.125 2.694593
10.13 2.696931
10.135 2.6992582
10.14 2.7015747
10.145 2.7038803
10.15 2.7061751
10.155 2.7084591
10.16 2.7107323
10.165 2.7129946
10.17 2.7152461
10.175 2.7174868
10.18 2.7197166
10.185 2.7219355
10.19 2.7241436
10.195 2.7263408
10.2 2.7285272
10.205 2.7307026
10.21 2.7328672
10.215 2.7350209
10.22 2.7371637
10.225 2.7392956
10.23 2.7414166
10.235 2.7435267
10.24 2.7456259
10.245 2.7477142
10.25 2.7497916
10.255 2.751858
10.26 2.7539135
10.265 2.7559581
10.27 2.7579918
10.275 2.7600145
10.28 2.7620263
10.285 2.7640272
10.29 2.7660171
10.295 2.767996
10.3 2.7699641
10.305 2.7719212
10.31 2.7738673
10.315 2.7758025
10.32 2.7777267
10.325 2.77964
10.33 2.7815423
10.335 2.7834337
10.34 2.7853141
10.345 2.7871835
10.35 2.789042
10.355 2.7908895
10.36 2.7927261
10.365 2.7945517
10.37 2.7963664
10.375 2.7981701
10.38 2.7999628
10.385 2.8017446
10.39 2.8035154
10.395 2.8052752
10.4 2.8070241
10.405 2.8087621
10.41 2.8104891
10.415 2.8122051
10.42 2.8139102
10.425 2.8156043
10.43 2.8172875
10.435 2.8189597
10.44 2.820621
10.445 2.8222713
10.45 2.8239107
10.455 2.8255392
10.46 2.8271567
10.465 2.8287633
10.47 2.8303589
10.475 2.8319437
10.48 2.8335175
10.485 2.8350803
10.49 2.8366323
10.495 2.8381733
10.5 2.8397034
10.505 2.8412227
10.51 2.842731
10.515 2.8442284
10.52 2.8457149
10.525 2.8471905
10.53 2.8486553
10.535 2.8501091
10.54 2.8515521
10.545 2.8529842
10.55 2.8544054
10.555 2.8558158
10.56 2.8572153
10.565 2.8586039
10.57 2.8599817
10.575 2.8613487
10.58 2.8627048
10.585 2.8640501
10.59 2.8653846
10.595 2.8667082
10.6 2.868021
10.605 2.8693231
10.61 2.8706143
10.615 2.8718947
10.62 2.8731644
10.625 2.8744232
10.63 2.8756713
10.635 2.8769087
10.64 2.8781352
10.645 2.879351
10.65 2.8805561
10.655 2.8817505
10.66 2.8829341
10.665 2.884107
10.67 2.8852691
10.675 2.8864206
10.68 2.8875614
10.685 2.8886915
10.69 2.8898109
10.695 2.8909196
10.7 2.8920177
10.705 2.8931051
10.71 2.8941819
10.715 2.8952481
10.72 2.8963036
10.725 2.8973485
10.73 2.8983828
10.735 2.8994065
10.74 2.9004196
10.745 2.9014222
10.75 2.9024141
10.755 2.9033955
10.76 2.9043664
10.765 2.9053268
10.77 2.9062766
10.775 2.9072158
10.78 2.9081446
10.785 2.9090629
10.79 2.9099707
10.795 2.9108681
10.8 2.9117549
10.805 2.9126314
10.81 2.9134974
10.815 2.9143529
10.82 2.9151981
10.825 2.9160328
10.83 2.9168571
10.835 2.9176711
10.84 2.9184747
10.845 2.919268
10.85 2.9200509
10.855 2.9208234
10.86 2.9215857
10.865 2.9223376
10.87 2.9230793
10.875 2.9238106
10.88 2.9245317
10.885 2.9252426
10.89 2.9259432
10.895 2.9266336
10.9 2.9273137
10.905 2.9279837
10.91 2.9286435
10.915 2.929293
10.92 2.9299325
10.925 2.9305618
10.93 2.9311809
10.935 2.93179
10.94 2.9323889
10.945 2.9329777
10.95 2.9335565
10.955 2.9341252
10.96 2.9346839
10.965 2.9352325
10.97 2.9357711
10.975 2.9362997
10.98 2.9368183
10.985 2.937327
10.99 2.9378257
10.995 2.9383144
11 2.9387932
11.005 2.9392622
11.01 2.9397212
11.015 2.9401703
11.02 2.9406096
11.025 2.941039
11.03 2.9414586
11.035 2.9418684
11.04 2.9422683
11.045 2.9426585
11.05 2.9430389
11.055 2.9434096
11.06 2.9437706
11.065 2.9441218
11.07 2.9444633
11.075 2.9447951
11.08 2.9451173
11.085 2.9454298
11.09 2.9457327
11.095 2.946026
11.1 2.9463097
11.105 2.9465837
11.11 2.9468483
11.115 2.9471032
11.12 2.9473487
11.125 2.9475846
11.13 2.9478111
11.135 2.9480281
11.14 2.9482356
11.145 2.9484336
11.15 2.9486223
11.155 2.9488015
11.16 2.9489714
11.165 2.9491319
11.17 2.9492831
11.175 2.9494249
11.18 2.9495574
11.185 2.9496806
11.19 2.9497946
11.195 2.9498993
11.2 2.9499947
11.205 2.950081
11.21 2.950158
11.215 2.9502259
11.22 2.9502846
11.225 2.9503342
11.23 2.9503746
11.235 2.950406
11.24 2.9504282
11.245 2.9504414
11.25 2.9504456
11.255 2.9504408
11.26 2.9504269
11.265 2.9504041
11.27 2.9503723
11.275 2.9503315
11.28 2.9502819
11.285 2.9502233
11.29 2.9501559
11.295 2.9500796
11.3 2.9499945
11.305 2.9499005
11.31 2.9497978
11.315 2.9496862
11.32 2.949566
11.325 2.9494369
11.33 2.9492992
11.335 2.9491528
11.34 2.9489977
11.345 2.9488339
11.35 2.9486616
11.355 2.9484806
11.36 2.948291
11.365 2.9480928
11.37 2.9478862
11.375 2.947671
11.38 2.9474472
11.385 2.9472151
11.39 2.9469744
11.395 2.9467253
11.4 2.9464678
11.405 2.9462019
11.41 2.9459277
11.415 2.9456451
11.42 2.9453542
11.425 2.9450549
11.43 2.9447474
11.435 2.9444316
11.44 2.9441076
11.445 2.9437754
11.45 2.943435
11.455 2.9430864
11.46 2.9427297
11.465 2.9423648
11.47 2.9419919
11.475 2.9416108
11.48 2.9412217
11.485 2.9408246
11.49 2.9404195
11.495 2.9400064
11.5 2.9395853
11.505 2.9391563
11.51 2.9387193
11.515 2.9382745
11.52 2.9378218
11.525 2.9373612
11.53 2.9368929
11.535 2.9364167
11.54 2.9359327
11.545 2.935441
11.55 2.9349416
11.555 2.9344345
11.56 2.9339196
11.565 2.9333972
11.57 2.932867
11.575 2.9323293
11.58 2.931784
11.585 2.9312311
11.59 2.9306707
11.595 2.9301028
11.6 2.9295274
11.605 2.9289445
11.61 2.9283542
11.615 2.9277564
11.62 2.9271513
11.625 2.9265388
11.63 2.9259189
11.635 2.9252917
11.64 2.9246573
11.645 2.9240155
11.65 2.9233665
11.655 2.9227103
11.66 2.9220469
11.665 2.9213763
11.67 2.9206986
11.675 2.9200137
11.68 2.9193218
11.685 2.9186228
11.69 2.9179167
11.695 2.9172036
11.7 2.9164835
11.705 2.9157564
11.71 2.9150224
11.715 2.9142814
11.72 2.9135336
11.725 2.9127789
11.73 2.9120173
11.735 2.9112489
11.74 2.9104737
11.745 2.9096917
11.75 2.908903
11.755 2.9081076
11.76 2.9073054
11.765 2.9064966
11.77 2.9056812
11.775 2.9048591
11.78 2.9040304
11.785 2.9031952
11.79 2.9023534
11.795 2.9015051
11.8 2.9006503
11.805 2.8997891
11.81 2.8989214
11.815 2.8980473
11.82 2.8971668
11.825 2.8962799
11.83 2.8953867
11.835 2.8944872
11.84 2.8935814
11.845 2.8926693
11.85 2.891751
11.855 2.8908265
11.86 2.8898958
11.865 2.8889589
11.87 2.888016
11.875 2.8870669
11.88 2.8861117
11.885 2.8851505
11.89 2.8841832
11.895 2.88321
11.9 2.8822308
11.905 2.8812456
11.91 2.8802545
11.915 2.8792575
11.92 2.8782547
11.925 2.877246
11.93 2.8762315
11.935 2.8752112
11.94 2.8741851
11.945 2.8731533
11.95 2.8721158
11.955 2.8710726
11.96 2.8700237
11.965 2.8689692
11.97 2.8679091
11.975 2.8668435
11.98 2.8657722
11.985 2.8646955
11.99 2.8636132
11.995 2.8625255
12 2.8614323
12.005 2.8603337
12.01 2.8592298
12.015 2.8581204
12.02 2.8570057
12.025 2.8558857
12.03 2.8547604
12.035 2.8536298
12.04 2.852494
12.045 2.851353
12.05 2.8502069
12.055 2.8490555
12.06 2.8478991
12.065 2.8467375
12.07 2.8455709
12.075 2.8443992
12.08 2.8432225
12.085 2.8420408
12.09 2.8408541
12.095 2.8396625
12.1 2.838466
12.105 2.8372646
12.11 2.8360583
12.115 2.8348472
12.12 2.8336313
12.125 2.8324106
12.13 2.8311852
12.135 2.829955
12.14 2.8287202
12.145 2.8274806
12.15 2.8262365
12.155 2.8249877
12.16 2.8237343
12.165 2.8224763
12.17 2.8212138
12.175 2.8199468
12.18 2.8186753
12.185 2.8173993
12.19 2.8161189
12.195 2.8148342
12.2 2.813545
12.205 2.8122515
12.21 2.8109536
12.215 2.8096515
12.22 2.8083451
12.225 2.8070344
12.23 2.8057195
12.235 2.8044005
12.24 2.8030772
12.245 2.8017499
12.25 2.8004184
12.255 2.7990828
12.26 2.7977432
12.265 2.7963996
12.27 2.7950519
12.275 2.7937003
12.28 2.7923447
12.285 2.7909852
12.29 2.7896218
12.295 2.7882546
12.3 2.7868835
12.305 2.7855086
12.31 2.7841298
12.315 2.7827474
12.32 2.7813612
12.325 2.7799712
12.33 2.7785776
12.335 2.7771804
12.34 2.7757795
12.345 2.774375
12.35 2.772967
12.355 2.7715553
12.36 2.7701402
12.365 2.7687216
12.37 2.7672995
12.375 2.7658739
12.38 2.764445
12.385 2.7630126
12.39 2.7615769
12.395 2.7601378
12.4 2.7586955
12.405 2.7572498
12.41 2.7558009
12.415 2.7543488
12.42 2.7528935
12.425 2.751435
12.43 2.7499733
12.435 2.7485085
12.44 2.7470406
12.445 2.7455696
12.45 2.7440956
12.455 2.7426186
12.46 2.7411386
12.465 2.7396556
12.47 2.7381697
12.475 2.7366808
12.48 2.7351891
12.485 2.7336945
12.49 2.732197
12.495 2.7306968
12.5 2.7291938
12.505 2.727688
12.51 2.7261795
12.515 2.7246682
12.52 2.7231543
12.525 2.7216378
12.53 2.7201186
12.535 2.7185968
12.54 2.7170725
12.545 2.7155456
12.55 2.7140161
12.555 2.7124842
12.56 2.7109498
12.565 2.709413
12.57 2.7078737
12.575 2.706332
12.58 2.704788
12.585 2.7032416
12.59 2.701693
12.595 2.700142
12.6 2.6985887
12.605 2.6970333
12.61 2.6954756
12.615 2.6939157
12.62 2.6923536
12.625 2.6907894
12.63 2.6892231
12.635 2.6876548
12.64 2.6860843
12.645 2.6845118
12.65 2.6829373
12.655 2.6813609
12.66 2.6797824
12.665 2.6782021
12.67 2.6766198
12.675 2.6750356
12.68 2.6734496
12.685 2.6718618
12.69 2.6702721
12.695 2.6686807
12.7 2.6670875
12.705 2.6654925
12.71 2.6638959
12.715 2.6622976
12.72 2.6606976
12.725 2.659096
12.73 2.6574928
12.735 2.655888
12.74 2.6542816
12.745 2.6526737
12.75 2.6510643
12.755 2.6494534
12.76 2.6478411
12.765 2.6462273
12.77 2.6446121
12.775 2.6429956
12.78 2.6413776
12.785 2.6397584
12.79 2.6381378
12.795 2.6365159
12.8 2.6348928
12.805 2.6332684
12.81 2.6316428
12.815 2.6300161
12.82 2.6283881
12.825 2.6267591
12.83 2.6251289
12.835 2.6234976
12.84 2.6218652
12.845 2.6202318
12.85 2.6185974
12.855 2.616962
12.86 2.6153256
12.865 2.6136883
12.87 2.61205
12.875 2.6104109
12.88 2.6087708
12.885 2.6071299
12.89 2.6054882
12.895 2.6038457
12.9 2.6022024
12.905 2.6005583
12.91 2.5989135
12.915 2.597268
12.92 2.5956218
12.925 2.5939749
12.93 2.5923274
12.935 2.5906793
12.94 2.5890306
12.945 2.5873813
12.95 2.5857314
12.955 2.5840811
12.96 2.5824302
12.965 2.5807788
12.97 2.579127
12.975 2.5774748
12.98 2.5758222
12.985 2.5741691
12.99 2.5725157
12.995 2.570862
13 2.5692079
13.005 2.5675536
13.01 2.5658989
13.015 2.5642441
13.02 2.562589
13.025 2.5609337
13.03 2.5592782
13.035 2.5576225
13.04 2.5559667
13.045 2.5543108
13.05 2.5526548
13.055 2.5509987
13.06 2.5493426
13.065 2.5476865
13.07 2.5460303
13.075 2.5443742
13.08 2.5427181
13.085 2.541062
13.09 2.5394061
13.095 2.5377502
13.1 2.5360945
13.105 2.5344389
13.11 2.5327835
13.115 2.5311283
13.12 2.5294733
13.125 2.5278185
13.13 2.526164
13.135 2.5245098
13.14 2.5228559
13.145 2.5212023
13.15 2.519549
13.155 2.5178961
13.16 2.5162436
13.165 2.5145914
13.17 2.5129398
13.175 2.5112885
13.18 2.5096377
13.185 2.5079875
13.19 2.5063377
13.195 2.5046884
13.2 2.5030397
13.205 2.5013916
13.21 2.4997441
13.215 2.4980972
13.22 2.4964509
13.225 2.4948053
13.23 2.4931604
13.235 2.4915161
13.24 2.4898726
13.245 2.4882298
13.25 2.4865877
13.255 2.4849465
13.26 2.483306
13.265 2.4816664
13.27 2.4800275
13.275 2.4783896
13.28 2.4767525
13.285 2.4751163
13.29 2.4734811
13.295 2.4718467
13.3 2.4702134
13.305 2.468581
13.31 2.4669496
13.315 2.4653192
13.32 2.4636898
13.325 2.4620615
13.33 2.4604343
13.335 2.4588082
13.34 2.4571832
13.345 2.4555593
13.35 2.4539365
13.355 2.4523149
13.36 2.4506946
13.365 2.4490754
13.37 2.4474574
13.375 2.4458407
13.38 2.4442253
13.385 2.4426111
13.39 2.4409983
13.395 2.4393867
13.4 2.4377765
13.405 2.4361677
13.41 2.4345602
13.415 2.4329541
13.42 2.4313494
13.425 2.4297462
13.43 2.4281444
13.435 2.4265441
13.44 2.4249452
13.445 2.4233479
13.45 2.4217521
13.455 2.4201578
13.46 2.4185651
13.465 2.4169739
13.47 2.4153844
13.475 2.4137964
13.48 2.4122101
13.485 2.4106254
13.49 2.4090424
13.495 2.407461
13.5 2.4058814
13.505 2.4043034
13.51 2.4027272
13.515 2.4011528
13.52 2.3995801
13.525 2.3980092
13.53 2.3964401
13.535 2.3948728
13.54 2.3933073
13.545 2.3917437
13.55 2.3901821
13.555 2.3886224
13.56 2.3870646
13.565 2.3855088
13.57 2.3839548
13.575 2.3824028
13.58 2.3808527
13.585 2.3793046
13.59 2.3777584
13.595 2.3762143
13.6 2.3746722
13.605 2.3731321
13.61 2.3715941
13.615 2.3700582
13.62 2.3685243
13.625 2.3669926
13.63 2.365463
13.635 2.3639355
13.64 2.3624102
13.645 2.360887
13.65 2.3593661
13.655 2.3578473
13.66 2.3563307
13.665 2.3548164
13.67 2.3533044
13.675 2.3517946
13.68 2.350287
13.685 2.3487818
13.69 2.3472789
13.695 2.3457783
13.7 2.34428
13.705 2.3427841
13.71 2.3412906
13.715 2.3397994
13.72 2.3383106
13.725 2.3368243
13.73 2.3353403
13.735 2.3338589
13.74 2.3323798
13.745 2.3309033
13.75 2.3294292
13.755 2.3279576
13.76 2.3264885
13.765 2.325022
13.77 2.323558
13.775 2.3220965
13.78 2.3206376
13.785 2.3191813
13.79 2.3177276
13.795 2.3162765
13.8 2.314828
13.805 2.3133821
13.81 2.3119389
13.815 2.3104984
13.82 2.3090605
13.825 2.3076254
13.83 2.3061929
13.835 2.3047631
13.84 2.3033361
13.845 2.3019118
13.85 2.3004903
13.855 2.2990715
13.86 2.2976555
13.865 2.2962423
13.87 2.2948319
13.875 2.2934244
13.88 2.2920196
13.885 2.2906177
13.89 2.2892187
13.895 2.2878225
13.9 2.2864292
13.905 2.2850388
13.91 2.2836512
13.915 2.2822667
13.92 2.280885
13.925 2.2795063
13.93 2.2781305
13.935 2.2767577
13.94 2.2753878
13.945 2.274021
13.95 2.2726571
13.955 2.2712963
13.96 2.2699385
13.965 2.2685837
13.97 2.267232
13.975 2.2658833
13.98 2.2645376
13.985 2.2631951
13.99 2.2618557
13.995 2.2605193
14 2.2591861
14.005 2.2578559
14.01 2.2565289
14.015 2.2552051
14.02 2.2538844
14.025 2.2525669
14.03 2.2512525
14.035 2.2499414
14.04 2.2486334
14.045 2.2473286
14.05 2.2460271
14.055 2.2447288
14.06 2.2434337
14.065 2.2421418
14.07 2.2408533
14.075 2.239568
14.08 2.2382859
14.085 2.2370072
14.09 2.2357317
14.095 2.2344596
14.1 2.2331907
14.105 2.2319252
14.11 2.2306631
14.115 2.2294043
14.12 2.2281488
14.125 2.2268967
14.13 2.2256479
14.135 2.2244026
14.14 2.2231606
14.145 2.2219221
14.15 2.2206869
14.155 2.2194552
14.16 2.2182269
14.165 2.217002
14.17 2.2157806
14.175 2.2145626
14.18 2.2133481
14.185 2.2121371
14.19 2.2109295
14.195 2.2097254
14.2 2.2085248
14.205 2.2073277
14.21 2.2061342
14.215 2.2049441
14.22 2.2037576
14.225 2.2025746
14.23 2.2013952
14.235 2.2002193
14.24 2.199047
14.245 2.1978782
14.25 2.196713
14.255 2.1955514
14.26 2.1943934
14.265 2.193239
14.27 2.1920882
14.275 2.190941
14.28 2.1897974
14.285 2.1886575
14.29 2.1875211
14.295 2.1863885
14.3 2.1852594
14.305 2.1841341
14.31 2.1830123
14.315 2.1818943
14.32 2.1807799
14.325 2.1796693
14.33 2.1785623
14.335 2.177459
14.34 2.1763594
14.345 2.1752635
14.35 2.1741713
14.355 2.1730829
14.36 2.1719981
14.365 2.1709172
14.37 2.1698399
14.375 2.1687664
14.38 2.1676967
14.385 2.1666307
14.39 2.1655685
14.395 2.16451
14.4 2.1634553
14.405 2.1624044
14.41 2.1613573
14.415 2.160314
14.42 2.1592745
14.425 2.1582388
14.43 2.1572069
14.435 2.1561788
14.44 2.1551545
14.445 2.154134
14.45 2.1531174
14.455 2.1521046
14.46 2.1510957
14.465 2.1500906
14.47 2.1490894
14.475 2.148092
14.48 2.1470984
14.485 2.1461088
14.49 2.145123
14.495 2.1441411
14.5 2.143163
14.505 2.1421888
14.51 2.1412186
14.515 2.1402522
14.52 2.1392897
14.525 2.1383311
14.53 2.1373764
14.535 2.1364257
14.54 2.1354788
14.545 2.1345358
14.55 2.1335968
14.555 2.1326617
14.56 2.1317305
14.565 2.1308033
14.57 2.12988
14.575 2.1289606
14.58 2.1280452
14.585 2.1271337
14.59 2.1262262
14.595 2.1253226
14.6 2.124423
14.605 2.1235273
14.61 2.1226356
14.615 2.1217479
14.62 2.1208641
14.625 2.1199843
14.63 2.1191085
14.635 2.1182366
14.64 2.1173688
14.645 2.1165049
14.65 2.115645
14.655 2.1147891
14.66 2.1139372
14.665 2.1130893
14.67 2.1122453
14.675 2.1114054
14.68 2.1105695
14.685 2.1097376
14.69 2.1089096
14.695 2.1080857
14.7 2.1072658
14.705 2.1064499
14.71 2.1056381
14.715 2.1048302
14.72 2.1040264
14.725 2.1032266
14.73 2.1024308
14.735 2.101639
14.74 2.1008512
14.745 2.1000675
14.75 2.0992878
14.755 2.0985121
14.76 2.0977405
14.765 2.0969729
14.77 2.0962093
14.775 2.0954498
14.78 2.0946943
14.785 2.0939428
14.79 2.0931954
14.795 2.092452
14.8 2.0917127
14.805 2.0909773
14.81 2.0902461
14.815 2.0895189
14.82 2.0887957
14.825 2.0880766
14.83 2.0873615
14.835 2.0866504
14.84 2.0859434
14.845 2.0852405
14.85 2.0845416
14.855 2.0838467
14.86 2.0831559
14.865 2.0824692
14.87 2.0817864
14.875 2.0811078
14.88 2.0804332
14.885 2.0797626
14.89 2.0790961
14.895 2.0784336
14.9 2.0777752
14.905 2.0771208
14.91 2.0764705
14.915 2.0758242
14.92 2.075182
14.925 2.0745438
14.93 2.0739097
14.935 2.0732796
14.94 2.0726536
14.945 2.0720316
14.95 2.0714136
14.955 2.0707997
14.96 2.0701898
14.965 2.069584
14.97 2.0689822
14.975 2.0683845
14.98 2.0677908
14.985 2.0672011
14.99 2.0666155
14.995 2.0660339
15 2.0654564
15.005 2.0648828
15.01 2.0643133
15.015 2.0637479
15.02 2.0631865
15.025 2.0626291
15.03 2.0620757
15.035 2.0615263
15.04 2.060981
15.045 2.0604397
15.05 2.0599025
15.055 2.0593692
15.06 2.05884
15.065 2.0583147
15.07 2.0577935
15.075 2.0572763
15.08 2.0567631
15.085 2.0562539
15.09 2.0557488
15.095 2.0552476
15.1 2.0547504
15.105 2.0542572
15.11 2.0537681
15.115 2.0532829
15.12 2.0528017
15.125 2.0523245
15.13 2.0518513
15.135 2.0513821
15.14 2.0509168
15.145 2.0504555
15.15 2.0499983
15.155 2.0495449
15.16 2.0490956
15.165 2.0486502
15.17 2.0482088
15.175 2.0477714
15.18 2.0473379
15.185 2.0469084
15.19 2.0464828
15.195 2.0460612
15.2 2.0456435
15.205 2.0452298
15.21 2.04482
15.215 2.0444142
15.22 2.0440123
15.225 2.0436143
15.23 2.0432202
15.235 2.0428301
15.24 2.0424439
15.245 2.0420616
15.25 2.0416833
15.255 2.0413088
15.26 2.0409382
15.265 2.0405716
15.27 2.0402089
15.275 2.03985
15.28 2.0394951
15.285 2.039144
15.29 2.0387968
15.295 2.0384535
15.3 2.0381141
15.305 2.0377785
15.31 2.0374468
15.315 2.037119
15.32 2.0367951
15.325 2.036475
15.33 2.0361587
15.335 2.0358463
15.34 2.0355378
15.345 2.035233
15.35 2.0349322
15.355 2.0346351
15.36 2.0343419
15.365 2.0340525
15.37 2.0337669
15.375 2.0334851
15.38 2.0332071
15.385 2.032933
15.39 2.0326626
15.395 2.032396
15.4 2.0321332
15.405 2.0318742
15.41 2.031619
15.415 2.0313675
15.42 2.0311199
15.425 2.0308759
15.43 2.0306358
15.435 2.0303994
15.44 2.0301667
15.445 2.0299378
15.45 2.0297126
15.455 2.0294912
15.46 2.0292734
15.465 2.0290595
15.47 2.0288492
15.475 2.0286426
15.48 2.0284397
15.485 2.0282406
15.49 2.0280451
15.495 2.0278533
15.5 2.0276653
15.505 2.0274808
15.51 2.0273001
15.515 2.027123
15.52 2.0269496
15.525 2.0267799
15.53 2.0266137
15.535 2.0264513
15.54 2.0262925
15.545 2.0261373
15.55 2.0259857
15.555 2.0258378
15.56 2.0256934
15.565 2.0255527
15.57 2.0254156
15.575 2.025282
15.58 2.0251521
15.585 2.0250258
15.59 2.024903
15.595 2.0247838
15.6 2.0246681
15.605 2.0245561
15.61 2.0244475
15.615 2.0243425
15.62 2.0242411
15.625 2.0241432
15.63 2.0240488
15.635 2.0239579
15.64 2.0238706
15.645 2.0237867
15.65 2.0237064
15.655 2.0236295
15.66 2.0235562
15.665 2.0234863
15.67 2.0234199
15.675 2.0233569
15.68 2.0232974
15.685 2.0232414
15.69 2.0231888
15.695 2.0231397
15.7 2.023094
15.705 2.0230517
15.71 2.0230128
15.715 2.0229774
15.72 2.0229453
15.725 2.0229166
15.73 2.0228914
15.735 2.0228695
15.74 2.022851
15.745 2.0228358
15.75 2.0228241
15.755 2.0228156
15.76 2.0228106
15.765 2.0228088
15.77 2.0228104
15.775 2.0228153
15.78 2.0228236
15.785 2.0228351
15.79 2.02285
15.795 2.0228681
15.8 2.0228895
15.805 2.0229142
15.81 2.0229422
15.815 2.0229735
15.82 2.023008
15.825 2.0230457
15.83 2.0230867
15.835 2.023131
15.84 2.0231784
15.845 2.0232291
15.85 2.023283
15.855 2.0233401
15.86 2.0234004
15.865 2.0234639
15.87 2.0235305
15.875 2.0236003
15.88 2.0236733
15.885 2.0237495
15.89 2.0238288
15.895 2.0239112
15.9 2.0239968
15.905 2.0240855
15.91 2.0241773
15.915 2.0242722
15.92 2.0243702
15.925 2.0244713
15.93 2.0245755
15.935 2.0246827
15.94 2.0247931
15.945 2.0249065
15.95 2.0250229
15.955 2.0251424
15.96 2.0252649
15.965 2.0253904
15.97 2.025519
15.975 2.0256506
15.98 2.0257851
15.985 2.0259227
15.99 2.0260632
15.995 2.0262068
16 2.0263533
16.005 2.0265027
16.01 2.0266551
16.015 2.0268104
16.02 2.0269687
16.025 2.0271299
16.03 2.027294
16.035 2.027461
16.04 2.0276309
16.045 2.0278037
16.05 2.0279794
16.055 2.028158
16.06 2.0283394
16.065 2.0285237
16.07 2.0287108
16.075 2.0289007
16.08 2.0290935
16.085 2.0292891
16.09 2.0294876
16.095 2.0296888
16.1 2.0298928
16.105 2.0300996
16.11 2.0303092
16.115 2.0305215
16.12 2.0307366
16.125 2.0309544
16.13 2.031175
16.135 2.0313983
16.14 2.0316244
16.145 2.0318531
16.15 2.0320846
16.155 2.0323187
16.16 2.0325556
16.165 2.0327951
16.17 2.0330373
16.175 2.0332821
16.18 2.0335296
16.185 2.0337797
16.19 2.0340325
16.195 2.0342879
16.2 2.0345459
16.205 2.0348065
16.21 2.0350697
16.215 2.0353354
16.22 2.0356038
16.225 2.0358747
16.23 2.0361482
16.235 2.0364242
16.24 2.0367028
16.245 2.0369839
16.25 2.0372675
16.255 2.0375536
16.26 2.0378422
16.265 2.0381333
16.27 2.0384269
16.275 2.038723
16.28 2.0390216
16.285 2.0393225
16.29 2.039626
16.295 2.0399319
16.3 2.0402402
16.305 2.0405509
16.31 2.040864
16.315 2.0411795
16.32 2.0414974
16.325 2.0418177
16.33 2.0421404
16.335 2.0424654
16.34 2.0427928
16.345 2.0431225
16.35 2.0434545
16.355 2.0437889
16.36 2.0441256
16.365 2.0444645
16.37 2.0448058
16.375 2.0451494
16.38 2.0454952
16.385 2.0458433
16.39 2.0461936
16.395 2.0465462
16.4 2.0469011
16.405 2.0472581
16.41 2.0476174
16.415 2.0479789
16.42 2.0483425
16.425 2.0487084
16.43 2.0490764
16.435 2.0494466
16.44 2.049819
16.445 2.0501935
16.45 2.0505702
16.455 2.0509489
16.46 2.0513298
16.465 2.0517128
16.47 2.0520979
16.475 2.0524851
16.48 2.0528744
16.485 2.0532658
16.49 2.0536592
16.495 2.0540546
16.5 2.0544521
16.505 2.0548517
16.51 2.0552532
16.515 2.0556568
16.52 2.0560623
16.525 2.0564699
16.53 2.0568794
16.535 2.0572909
16.54 2.0577044
16.545 2.0581198
16.55 2.0585372
16.555 2.0589565
16.56 2.0593777
16.565 2.0598009
16.57 2.0602259
16.575 2.0606529
16.58 2.0610817
16.585 2.0615124
16.59 2.0619449
16.595 2.0623793
16.6 2.0628156
16.605 2.0632537
16.61 2.0636936
16.615 2.0641353
16.62 2.0645789
16.625 2.0650242
16.63 2.0654713
16.635 2.0659202
16.64 2.0663709
16.645 2.0668233
16.65 2.0672774
16.655 2.0677333
16.66 2.0681909
16.665 2.0686503
16.67 2.0691113
16.675 2.069574
16.68 2.0700385
16.685 2.0705046
16.69 2.0709723
16.695 2.0714418
16.7 2.0719128
16.705 2.0723855
16.71 2.0728599
16.715 2.0733358
16.72 2.0738134
16.725 2.0742925
16.73 2.0747733
16.735 2.0752556
16.74 2.0757395
16.745 2.0762249
16.75 2.0767119
16.755 2.0772004
16.76 2.0776905
16.765 2.078182
16.77 2.0786751
16.775 2.0791697
16.78 2.0796658
16.785 2.0801633
16.79 2.0806623
16.795 2.0811628
16.8 2.0816647
16.805 2.0821681
16.81 2.0826729
16.815 2.0831791
16.82 2.0836867
16.825 2.0841957
16.83 2.0847062
16.835 2.0852179
16.84 2.0857311
16.845 2.0862456
16.85 2.0867615
16.855 2.0872787
16.86 2.0877972
16.865 2.0883171
16.87 2.0888383
16.875 2.0893607
16.88 2.0898845
16.885 2.0904096
16.89 2.0909359
16.895 2.0914634
16.9 2.0919923
16.905 2.0925224
16.91 2.0930537
16.915 2.0935862
16.92 2.0941199
16.925 2.0946549
16.93 2.095191
16.935 2.0957283
16.94 2.0962668
16.945 2.0968065
16.95 2.0973473
16.955 2.0978893
16.96 2.0984324
16.965 2.0989766
16.97 2.0995219
16.975 2.1000683
16.98 2.1006159
16.985 2.1011645
16.99 2.1017142
16.995 2.102265
17 2.1028168
17.005 2.1033697
17.01 2.1039236
17.015 2.1044785
17.02 2.1050345
17.025 2.1055914
17.03 2.1061494
17.035 2.1067083
17.04 2.1072683
17.045 2.1078292
17.05 2.108391
17.055 2.1089539
17.06 2.1095176
17.065 2.1100823
17.07 2.1106479
17.075 2.1112144
17.08 2.1117819
17.085 2.1123502
17.09 2.1129194
17.095 2.1134895
17.1 2.1140604
17.105 2.1146322
17.11 2.1152049
17.115 2.1157784
17.12 2.1163527
17.125 2.1169278
17.13 2.1175037
17.135 2.1180805
17.14 2.118658
17.145 2.1192363
17.15 2.1198154
17.155 2.1203952
17.16 2.1209758
17.165 2.1215572
17.17 2.1221392
17.175 2.122722
17.18 2.1233055
17.185 2.1238897
17.19 2.1244746
17.195 2.1250602
17.2 2.1256465
17.205 2.1262334
17.21 2.126821
17.215 2.1274093
17.22 2.1279982
17.225 2.1285877
17.23 2.1291778
17.235 2.1297686
17.24 2.1303599
17.245 2.1309519
17.25 2.1315444
17.255 2.1321375
17.26 2.1327312
17.265 2.1333254
17.27 2.1339202
17.275 2.1345155
17.28 2.1351114
17.285 2.1357078
17.29 2.1363046
17.295 2.136902
17.3 2.1374999
17.305 2.1380983
17.31 2.1386971
17.315 2.1392964
17.32 2.1398962
17.325 2.1404964
17.33 2.141097
17.335 2.1416981
17.34 2.1422996
17.345 2.1429015
17.35 2.1435039
17.355 2.1441066
17.36 2.1447097
17.365 2.1453132
17.37 2.145917
17.375 2.1465212
17.38 2.1471258
17.385 2.1477307
17.39 2.1483359
17.395 2.1489415
17.4 2.1495473
17.405 2.1501535
17.41 2.15076
17.415 2.1513668
17.42 2.1519738
17.425 2.1525811
17.43 2.1531887
17.435 2.1537965
17.44 2.1544046
17.445 2.1550129
17.45 2.1556215
17.455 2.1562303
17.46 2.1568392
17.465 2.1574484
17.47 2.1580578
17.475 2.1586673
17.48 2.1592771
17.485 2.159887
17.49 2.1604971
17.495 2.1611073
17.5 2.1617176
17.505 2.1623281
17.51 2.1629388
17.515 2.1635495
17.52 2.1641604
17.525 2.1647713
17.53 2.1653824
17.535 2.1659935
17.54 2.1666047
17.545 2.167216
17.55 2.1678273
17.555 2.1684387
17.56 2.1690501
17.565 2.1696616
17.57 2.1702731
17.575 2.1708846
17.58 2.1714961
17.585 2.1721076
17.59 2.1727192
17.595 2.1733307
17.6 2.1739421
17.605 2.1745536
17.61 2.175165
17.615 2.1757764
17.62 2.1763877
17.625 2.1769989
17.63 2.1776101
17.635 2.1782212
17.64 2.1788322
17.645 2.1794431
17.65 2.180054
17.655 2.1806647
17.66 2.1812753
17.665 2.1818857
17.67 2.1824961
17.675 2.1831062
17.68 2.1837163
17.685 2.1843262
17.69 2.1849359
17.695 2.1855454
17.7 2.1861548
17.705 2.186764
17.71 2.1873729
17.715 2.1879817
17.72 2.1885903
17.725 2.1891986
17.73 2.1898068
17.735 2.1904147
17.74 2.1910223
17.745 2.1916297
17.75 2.1922368
17.755 2.1928437
17.76 2.1934503
17.765 2.1940566
17.77 2.1946627
17.775 2.1952684
17.78 2.1958739
17.785 2.196479
17.79 2.1970838
17.795 2.1976883
17.8 2.1982925
17.805 2.1988963
17.81 2.1994998
17.815 2.2001029
17.82 2.2007057
17.825 2.2013081
17.83 2.2019101
17.835 2.2025118
17.84 2.203113
17.845 2.2037139
17.85 2.2043144
17.855 2.2049144
17.86 2.205514
17.865 2.2061133
17.87 2.206712
17.875 2.2073104
17.88 2.2079083
17.885 2.2085057
17.89 2.2091027
17.895 2.2096992
17.9 2.2102953
17.905 2.2108908
17.91 2.2114859
17.915 2.2120805
17.92 2.2126746
17.925 2.2132681
17.93 2.2138612
17.935 2.2144537
17.94 2.2150458
17.945 2.2156372
17.95 2.2162282
17.955 2.2168186
17.96 2.2174084
17.965 2.2179977
17.97 2.2185864
17.975 2.2191745
17.98 2.2197621
17.985 2.220349
17.99 2.2209354
17.995 2.2215212
18 2.2221064
18.005 2.2226909
18.01 2.2232748
18.015 2.2238582
18.02 2.2244408
18.025 2.2250229
18.03 2.2256043
18.035 2.226185
18.04 2.2267651
18.045 2.2273445
18.05 2.2279233
18.055 2.2285013
18.06 2.2290786
18.065 2.2296552
18.07 2.230231
18.075 2.2308062
18.08 2.2313806
18.085 2.2319543
18.09 2.2325274
18.095 2.2330997
18.1 2.2336713
18.105 2.2342423
18.11 2.2348125
18.115 2.2353819
18.12 2.2359506
18.125 2.2365186
18.13 2.2370858
18.135 2.2376522
18.14 2.2382179
18.145 2.2387828
18.15 2.2393468
18.155 2.2399101
18.16 2.2404726
18.165 2.2410343
18.17 2.2415952
18.175 2.2421553
18.18 2.2427145
18.185 2.2432729
18.19 2.2438305
18.195 2.2443872
18.2 2.2449431
18.205 2.2454981
18.21 2.2460523
18.215 2.2466056
18.22 2.2471581
18.225 2.2477096
18.23 2.2482603
18.235 2.2488101
18.24 2.2493591
18.245 2.2499071
18.25 2.2504542
18.255 2.2510004
18.26 2.2515457
18.265 2.2520901
18.27 2.2526336
18.275 2.2531762
18.28 2.2537178
18.285 2.2542585
18.29 2.2547982
18.295 2.255337
18.3 2.2558748
18.305 2.2564117
18.31 2.2569476
18.315 2.2574826
18.32 2.2580165
18.325 2.2585495
18.33 2.2590816
18.335 2.2596126
18.34 2.2601426
18.345 2.2606717
18.35 2.2611997
18.355 2.2617267
18.36 2.2622528
18.365 2.2627778
18.37 2.2633017
18.375 2.2638247
18.38 2.2643466
18.385 2.2648675
18.39 2.2653874
18.395 2.2659062
18.4 2.2664239
18.405 2.2669406
18.41 2.2674563
18.415 2.2679709
18.42 2.2684844
18.425 2.2689968
18.43 2.2695082
18.435 2.2700185
18.44 2.2705277
18.445 2.2710358
18.45 2.2715428
18.455 2.2720488
18.46 2.2725536
18.465 2.2730573
18.47 2.2735599
18.475 2.2740614
18.48 2.2745618
18.485 2.275061
18.49 2.2755591
18.495 2.2760561
18.5 2.276552
18.505 2.2770467
18.51 2.2775402
18.515 2.2780326
18.52 2.2785239
18.525 2.279014
18.53 2.279503
18.535 2.2799907
18.54 2.2804774
18.545 2.2809628
18.55 2.2814471
18.555 2.2819302
18.56 2.2824121
18.565 2.2828928
18.57 2.2833723
18.575 2.2838506
18.58 2.2843278
18.585 2.2848037
18.59 2.2852784
18.595 2.2857519
18.6 2.2862242
18.605 2.2866953
18.61 2.2871652
18.615 2.2876338
18.62 2.2881012
18.625 2.2885674
18.63 2.2890323
18.635 2.289496
18.64 2.2899585
18.645 2.2904197
18.65 2.2908797
18.655 2.2913384
18.66 2.2917959
18.665 2.2922521
18.67 2.292707
18.675 2.2931607
18.68 2.2936131
18.685 2.2940643
18.69 2.2945141
18.695 2.2949627
18.7 2.29541
18.705 2.295856
18.71 2.2963008
18.715 2.2967442
18.72 2.2971864
18.725 2.2976272
18.73 2.2980668
18.735 2.298505
18.74 2.298942
18.745 2.2993776
18.75 2.2998119
18.755 2.3002449
18.76 2.3006766
18.765 2.301107
18.77 2.3015361
18.775 2.3019638
18.78 2.3023902
18.785 2.3028153
18.79 2.303239
18.795 2.3036614
18.8 2.3040824
18.805 2.3045022
18.81 2.3049205
18.815 2.3053376
18.82 2.3057532
18.825 2.3061676
18.83 2.3065805
18.835 2.3069921
18.84 2.3074024
18.845 2.3078113
18.85 2.3082188
18.855 2.308625
18.86 2.3090298
18.865 2.3094332
18.87 2.3098352
18.875 2.3102359
18.88 2.3106352
18.885 2.3110331
18.89 2.3114296
18.895 2.3118247
18.9 2.3122185
18.905 2.3126108
18.91 2.3130018
18.915 2.3133914
18.92 2.3137796
18.925 2.3141663
18.93 2.3145517
18.935 2.3149357
18.94 2.3153183
18.945 2.3156994
18.95 2.3160792
18.955 2.3164575
18.96 2.3168345
18.965 2.31721
18.97 2.3175841
18.975 2.3179568
18.98 2.3183281
18.985 2.3186979
18.99 2.3190663
18.995 2.3194333
19 2.3197989
19.005 2.320163
19.01 2.3205257
19.015 2.320887
19.02 2.3212469
19.025 2.3216053
19.03 2.3219622
19.035 2.3223178
19.04 2.3226719
19.045 2.3230245
19.05 2.3233757
19.055 2.3237255
19.06 2.3240738
19.065 2.3244207
19.07 2.3247661
19.075 2.3251101
19.08 2.3254526
19.085 2.3257937
19.09 2.3261333
19.095 2.3264714
19.1 2.3268081
19.105 2.3271434
19.11 2.3274772
19.115 2.3278095
19.12 2.3281403
19.125 2.3284697
19.13 2.3287977
19.135 2.3291241
19.14 2.3294491
19.145 2.3297727
19.15 2.3300947
19.155 2.3304153
19.16 2.3307345
19.165 2.3310521
19.17 2.3313683
19.175 2.331683
19.18 2.3319962
19.185 2.332308
19.19 2.3326182
19.195 2.332927
19.2 2.3332344
19.205 2.3335402
19.21 2.3338446
19.215 2.3341475
19.22 2.3344489
19.225 2.3347488
19.23 2.3350472
19.235 2.3353442
19.24 2.3356396
19.245 2.3359336
19.25 2.3362261
19.255 2.3365171
19.26 2.3368067
19.265 2.3370947
19.27 2.3373812
19.275 2.3376663
19.28 2.3379499
19.285 2.338232
19.29 2.3385125
19.295 2.3387917
19.3 2.3390693
19.305 2.3393454
19.31 2.33962
19.315 2.3398931
19.32 2.3401648
19.325 2.3404349
19.33 2.3407036
19.335 2.3409708
19.34 2.3412364
19.345 2.3415006
19.35 2.3417633
19.355 2.3420245
19.36 2.3422842
19.365 2.3425424
19.37 2.3427991
19.375 2.3430543
19.38 2.343308
19.385 2.3435602
19.39 2.343811
19.395 2.3440602
19.4 2.3443079
19.405 2.3445542
19.41 2.3447989
19.415 2.3450422
19.42 2.3452839
19.425 2.3455242
19.43 2.345763
19.435 2.3460002
19.44 2.346236
19.445 2.3464703
19.45 2.3467031
19.455 2.3469344
19.46 2.3471642
19.465 2.3473925
19.47 2.3476193
19.475 2.3478446
19.48 2.3480685
19.485 2.3482908
19.49 2.3485116
19.495 2.348731
19.5 2.3489489
19.505 2.3491652
19.51 2.3493801
19.515 2.3495935
19.52 2.3498054
19.525 2.3500158
19.53 2.3502247
19.535 2.3504322
19.54 2.3506381
19.545 2.3508426
19.55 2.3510455
19.555 2.351247
19.56 2.351447
19.565 2.3516455
19.57 2.3518426
19.575 2.3520381
19.58 2.3522322
19.585 2.3524248
19.59 2.3526159
19.595 2.3528055
19.6 2.3529936
19.605 2.3531803
19.61 2.3533655
19.615 2.3535492
19.62 2.3537314
19.625 2.3539121
19.63 2.3540914
19.635 2.3542692
19.64 2.3544456
19.645 2.3546204
19.65 2.3547938
19.655 2.3549657
19.66 2.3551362
19.665 2.3553051
19.67 2.3554726
19.675 2.3556387
19.68 2.3558032
19.685 2.3559664
19.69 2.356128
19.695 2.3562882
19.7 2.3564469
19.705 2.3566042
19.71 2.35676
19.715 2.3569143
19.72 2.3570672
19.725 2.3572186
19.73 2.3573686
19.735 2.3575171
19.74 2.3576642
19.745 2.3578098
19.75 2.357954
19.755 2.3580967
19.76 2.358238
19.765 2.3583778
19.77 2.3585162
19.775 2.3586532
19.78 2.3587887
19.785 2.3589227
19.79 2.3590553
19.795 2.3591865
19.8 2.3593163
19.805 2.3594446
19.81 2.3595715
19.815 2.3596969
19.82 2.3598209
19.825 2.3599435
19.83 2.3600647
19.835 2.3601844
19.84 2.3603027
19.845 2.3604196
19.85 2.3605351
19.855 2.3606491
19.86 2.3607618
19.865 2.360873
19.87 2.3609828
19.875 2.3610912
19.88 2.3611981
19.885 2.3613037
19.89 2.3614078
19.895 2.3615106
19.9 2.3616119
19.905 2.3617119
19.91 2.3618104
19.915 2.3619076
19.92 2.3620033
19.925 2.3620977
19.93 2.3621906
19.935 2.3622822
19.94 2.3623724
19.945 2.3624612
19.95 2.3625486
19.955 2.3626346
19.96 2.3627192
19.965 2.3628025
19.97 2.3628844
19.975 2.3629649
19.98 2.363044
19.985 2.3631217
19.99 2.3631981
19.995 2.3632731
20 2.3633468
20.005 2.363419
20.01 2.36349
20.015 2.3635595
20.02 2.3636277
20.025 2.3636946
20.03 2.3637601
20.035 2.3638242
20.04 2.363887
20.045 2.3639484
20.05 2.3640085
20.055 2.3640673
20.06 2.3641247
20.065 2.3641807
20.07 2.3642355
20.075 2.3642889
20.08 2.3643409
20.085 2.3643917
20.09 2.3644411
20.095 2.3644891
20.1 2.3645359
20.105 2.3645813
20.11 2.3646255
20.115 2.3646683
20.12 2.3647097
20.125 2.3647499
20.13 2.3647888
20.135 2.3648263
20.14 2.3648626
20.145 2.3648975
20.15 2.3649312
20.155 2.3649635
20.16 2.3649946
20.165 2.3650244
20.17 2.3650528
20.175 2.36508
20.18 2.3651059
20.185 2.3651305
20.19 2.3651539
20.195 2.3651759
20.2 2.3651967
20.205 2.3652162
20.21 2.3652345
20.215 2.3652514
20.22 2.3652671
20.225 2.3652816
20.23 2.3652948
20.235 2.3653067
20.24 2.3653174
20.245 2.3653268
20.25 2.365335
20.255 2.3653419
20.26 2.3653476
20.265 2.365352
20.27 2.3653552
20.275 2.3653572
20.28 2.3653579
20.285 2.3653574
20.29 2.3653557
20.295 2.3653527
20.3 2.3653486
20.305 2.3653432
20.31 2.3653366
20.315 2.3653287
20.32 2.3653197
20.325 2.3653095
20.33 2.365298
20.335 2.3652854
20.34 2.3652715
20.345 2.3652564
20.35 2.3652402
20.355 2.3652228
20.36 2.3652041
20.365 2.3651843
20.37 2.3651633
20.375 2.3651412
20.38 2.3651178
20.385 2.3650933
20.39 2.3650676
20.395 2.3650407
20.4 2.3650127
20.405 2.3649835
20.41 2.3649531
20.415 2.3649216
20.42 2.3648889
20.425 2.3648551
20.43 2.3648202
20.435 2.364784
20.44 2.3647468
20.445 2.3647084
20.45 2.3646689
20.455 2.3646282
20.46 2.3645864
20.465 2.3645435
20.47 2.3644995
20.475 2.3644543
20.48 2.364408
20.485 2.3643606
20.49 2.3643121
20.495 2.3642625
20.5 2.3642118
20.505 2.36416
20.51 2.3641071
20.515 2.364053
20.52 2.3639979
20.525 2.3639417
20.53 2.3638845
20.535 2.3638261
20.54 2.3637667
20.545 2.3637061
20.55 2.3636445
20.555 2.3635819
20.56 2.3635181
20.565 2.3634533
20.57 2.3633875
20.575 2.3633206
20.58 2.3632526
20.585 2.3631836
20.59 2.3631135
20.595 2.3630424
20.6 2.3629702
20.605 2.362897
20.61 2.3628228
20.615 2.3627475
20.62 2.3626712
20.625 2.3625939
20.63 2.3625156
20.635 2.3624362
20.64 2.3623559
20.645 2.3622745
20.65 2.3621921
20.655 2.3621087
20.66 2.3620243
20.665 2.3619389
20.67 2.3618525
20.675 2.3617651
20.68 2.3616767
20.685 2.3615874
20.69 2.361497
20.695 2.3614057
20.7 2.3613134
20.705 2.3612202
20.71 2.3611259
20.715 2.3610307
20.72 2.3609346
20.725 2.3608374
20.73 2.3607394
20.735 2.3606403
20.74 2.3605404
20.745 2.3604395
20.75 2.3603376
20.755 2.3602348
20.76 2.3601311
20.765 2.3600264
20.77 2.3599208
20.775 2.3598143
20.78 2.3597069
20.785 2.3595985
20.79 2.3594892
20.795 2.3593791
20.8 2.359268
20.805 2.359156
20.81 2.3590431
20.815 2.3589293
20.82 2.3588147
20.825 2.3586991
20.83 2.3585826
20.835 2.3584653
20.84 2.3583471
20.845 2.358228
20.85 2.3581081
20.855 2.3579872
20.86 2.3578655
20.865 2.357743
20.87 2.3576196
20.875 2.3574953
20.88 2.3573702
20.885 2.3572442
20.89 2.3571174
20.895 2.3569898
20.9 2.3568613
20.905 2.356732
20.91 2.3566019
20.915 2.3564709
20.92 2.3563391
20.925 2.3562065
20.93 2.3560731
20.935 2.3559388
20.94 2.3558038
20.945 2.3556679
20.95 2.3555313
20.955 2.3553938
20.96 2.3552556
20.965 2.3551166
20.97 2.3549768
20.975 2.3548362
20.98 2.3546948
20.985 2.3545526
20.99 2.3544097
20.995 2.354266
21 2.3541216
21.005 2.3539763
21.01 2.3538304
21.015 2.3536836
21.02 2.3535362
21.025 2.3533879
21.03 2.353239
21.035 2.3530892
21.04 2.3529388
21.045 2.3527876
21.05 2.3526357
21.055 2.3524831
21.06 2.3523297
21.065 2.3521757
21.07 2.3520209
21.075 2.3518654
21.08 2.3517092
21.085 2.3515523
21.09 2.3513947
21.095 2.3512364
21.1 2.3510774
21.105 2.3509177
21.11 2.3507573
21.115 2.3505963
21.12 2.3504346
21.125 2.3502722
21.13 2.3501091
21.135 2.3499453
21.14 2.3497809
21.145 2.3496159
21.15 2.3494502
21.155 2.3492838
21.16 2.3491168
21.165 2.3489491
21.17 2.3487808
21.175 2.3486119
21.18 2.3484423
21.185 2.3482721
21.19 2.3481013
21.195 2.3479298
21.2 2.3477578
21.205 2.3475851
21.21 2.3474118
21.215 2.3472379
21.22 2.3470633
21.225 2.3468882
21.23 2.3467125
21.235 2.3465362
21.24 2.3463593
21.245 2.3461818
21.25 2.3460038
21.255 2.3458251
21.26 2.3456459
21.265 2.3454661
21.27 2.3452858
21.275 2.3451048
21.28 2.3449234
21.285 2.3447413
21.29 2.3445587
21.295 2.3443756
21.3 2.3441919
21.305 2.3440077
21.31 2.3438229
21.315 2.3436376
21.32 2.3434517
21.325 2.3432654
21.33 2.3430785
21.335 2.3428911
21.34 2.3427031
21.345 2.3425147
21.35 2.3423257
21.355 2.3421363
21.36 2.3419463
21.365 2.3417559
21.37 2.3415649
21.375 2.3413735
21.38 2.3411815
21.385 2.3409891
21.39 2.3407962
21.395 2.3406028
21.4 2.340409
21.405 2.3402147
21.41 2.3400199
21.415 2.3398246
21.42 2.3396289
21.425 2.3394328
21.43 2.3392361
21.435 2.3390391
21.44 2.3388416
21.445 2.3386436
21.45 2.3384452
21.455 2.3382464
21.46 2.3380472
21.465 2.3378475
21.47 2.3376474
21.475 2.3374469
21.48 2.3372459
21.485 2.3370446
21.49 2.3368428
21.495 2.3366407
21.5 2.3364381
21.505 2.3362352
21.51 2.3360318
21.515 2.3358281
21.52 2.3356239
21.525 2.3354194
21.53 2.3352145
21.535 2.3350093
21.54 2.3348036
21.545 2.3345976
21.55 2.3343912
21.555 2.3341845
21.56 2.3339774
21.565 2.3337699
21.57 2.3335621
21.575 2.333354
21.58 2.3331455
21.585 2.3329366
21.59 2.3327274
21.595 2.3325179
21.6 2.3323081
21.605 2.3320979
21.61 2.3318874
21.615 2.3316766
21.62 2.3314655
21.625 2.3312541
21.63 2.3310423
21.635 2.3308303
21.64 2.3306179
21.645 2.3304052
21.65 2.3301923
21.655 2.329979
21.66 2.3297655
21.665 2.3295517
21.67 2.3293376
21.675 2.3291232
21.68 2.3289086
21.685 2.3286937
21.69 2.3284785
21.695 2.328263
21.7 2.3280473
21.705 2.3278313
21.71 2.3276151
21.715 2.3273986
21.72 2.3271819
21.725 2.3269649
21.73 2.3267477
21.735 2.3265303
21.74 2.3263126
21.745 2.3260947
21.75 2.3258766
21.755 2.3256582
21.76 2.3254397
21.765 2.3252209
21.77 2.3250019
21.775 2.3247826
21.78 2.3245632
21.785 2.3243436
21.79 2.3241238
21.795 2.3239038
21.8 2.3236836
21.805 2.3234632
21.81 2.3232426
21.815 2.3230218
21.82 2.3228009
21.825 2.3225797
21.83 2.3223584
21.835 2.322137
21.84 2.3219154
21.845 2.3216936
21.85 2.3214716
21.855 2.3212495
21.86 2.3210272
21.865 2.3208048
21.87 2.3205823
21.875 2.3203596
21.88 2.3201367
21.885 2.3199138
21.89 2.3196907
21.895 2.3194674
21.9 2.3192441
21.905 2.3190206
21.91 2.318797
21.915 2.3185733
21.92 2.3183494
21.925 2.3181255
21.93 2.3179014
21.935 2.3176773
21.94 2.317453
21.945 2.3172286
21.95 2.3170042
21.955 2.3167797
21.96 2.316555
21.965 2.3163303
21.97 2.3161055
21.975 2.3158806
21.98 2.3156557
21.985 2.3154307
21.99 2.3152056
21.995 2.3149804
22 2.3147552
22.005 2.3145299
22.01 2.3143046
22.015 2.3140792
22.02 2.3138538
22.025 2.3136283
22.03 2.3134028
22.035 2.3131772
22.04 2.3129516
22.045 2.312726
22.05 2.3125003
22.055 2.3122746
22.06 2.3120489
22.065 2.3118231
22.07 2.3115973
22.075 2.3113716
22.08 2.3111458
22.085 2.31092
22.09 2.3106942
22.095 2.3104683
22.1 2.3102425
22.105 2.3100167
22.11 2.3097909
22.115 2.3095651
22.12 2.3093393
22.125 2.3091135
22.13 2.3088878
22.135 2.308662
22.14 2.3084363
22.145 2.3082106
22.15 2.3079849
22.155 2.3077593
22.16 2.3075337
22.165 2.3073081
22.17 2.3070826
22.175 2.3068571
22.18 2.3066317
22.185 2.3064063
22.19 2.306181
22.195 2.3059557
22.2 2.3057305
22.205 2.3055054
22.21 2.3052803
22.215 2.3050552
22.22 2.3048303
22.225 2.3046054
22.23 2.3043806
22.235 2.3041558
22.24 2.3039312
22.245 2.3037066
22.25 2.3034821
22.255 2.3032578
22.26 2.3030334
22.265 2.3028092
22.27 2.3025851
22.275 2.3023611
22.28 2.3021372
22.285 2.3019134
22.29 2.3016897
22.295 2.3014661
22.3 2.3012427
22.305 2.3010193
22.31 2.3007961
22.315 2.300573
22.32 2.30035
22.325 2.3001271
22.33 2.2999044
22.335 2.2996818
22.34 2.2994593
22.345 2.299237
22.35 2.2990148
22.355 2.2987928
22.36 2.2985709
22.365 2.2983492
22.37 2.2981276
22.375 2.2979061
22.38 2.2976848
22.385 2.2974637
22.39 2.2972428
22.395 2.297022
22.4 2.2968013
22.405 2.2965809
22.41 2.2963606
22.415 2.2961405
22.42 2.2959205
22.425 2.2957008
22.43 2.2954812
22.435 2.2952618
22.44 2.2950426
22.445 2.2948236
22.45 2.2946048
22.455 2.2943861
22.46 2.2941677
22.465 2.2939495
22.47 2.2937314
22.475 2.2935136
22.48 2.293296
22.485 2.2930786
22.49 2.2928614
22.495 2.2926444
22.5 2.2924276
22.505 2.2922111
22.51 2.2919948
22.515 2.2917787
22.52 2.2915628
22.525 2.2913471
22.53 2.2911317
22.535 2.2909166
22.54 2.2907017
22.545 2.2904871
22.55 2.2902727
22.555 2.2900586
22.56 2.2898448
22.565 2.2896312
22.57 2.2894179
22.575 2.2892049
22.58 2.2889921
22.585 2.2887796
22.59 2.2885674
22.595 2.2883554
22.6 2.2881436
22.605 2.2879322
22.61 2.2877209
22.615 2.28751
22.62 2.2872993
22.625 2.2870888
22.63 2.2868787
22.635 2.2866687
22.64 2.2864591
22.645 2.2862496
22.65 2.2860405
22.655 2.2858316
22.66 2.2856229
22.665 2.2854145
22.67 2.2852064
22.675 2.2849985
22.68 2.284791
22.685 2.2845837
22.69 2.2843767
22.695 2.28417
22.7 2.2839637
22.705 2.2837576
22.71 2.2835519
22.715 2.2833464
22.72 2.2831413
22.725 2.2829365
22.73 2.282732
22.735 2.2825278
22.74 2.2823239
22.745 2.2821204
22.75 2.2819172
22.755 2.2817143
22.76 2.2815118
22.765 2.2813096
22.77 2.2811077
22.775 2.2809061
22.78 2.2807049
22.785 2.2805041
22.79 2.2803035
22.795 2.2801034
22.8 2.2799035
22.805 2.279704
22.81 2.2795049
22.815 2.2793061
22.82 2.2791077
22.825 2.2789096
22.83 2.2787119
22.835 2.2785145
22.84 2.2783175
22.845 2.2781209
22.85 2.2779246
22.855 2.2777287
22.86 2.2775331
22.865 2.277338
22.87 2.2771432
22.875 2.2769487
22.88 2.2767547
22.885 2.276561
22.89 2.2763677
22.895 2.2761748
22.9 2.2759823
22.905 2.2757901
22.91 2.2755983
22.915 2.275407
22.92 2.275216
22.925 2.2750254
22.93 2.2748352
22.935 2.2746454
22.94 2.274456
22.945 2.2742669
22.95 2.2740783
22.955 2.2738901
22.96 2.2737023
22.965 2.2735149
22.97 2.2733279
22.975 2.2731413
22.98 2.2729551
22.985 2.2727693
22.99 2.2725839
22.995 2.272399
23 2.2722144
23.005 2.2720303
23.01 2.2718466
23.015 2.2716633
23.02 2.2714805
23.025 2.271298
23.03 2.271116
23.035 2.2709344
23.04 2.2707532
23.045 2.2705725
23.05 2.2703922
23.055 2.2702123
23.06 2.2700329
23.065 2.2698539
23.07 2.2696753
23.075 2.2694972
23.08 2.2693195
23.085 2.2691422
23.09 2.2689654
23.095 2.268789
23.1 2.2686131
23.105 2.2684376
23.11 2.2682626
23.115 2.268088
23.12 2.2679138
23.125 2.2677402
23.13 2.2675669
23.135 2.2673941
23.14 2.2672218
23.145 2.2670499
23.15 2.2668785
23.155 2.2667076
23.16 2.2665371
23.165 2.2663671
23.17 2.2661975
23.175 2.2660284
23.18 2.2658597
23.185 2.2656916
23.19 2.2655239
23.195 2.2653566
23.2 2.2651898
23.205 2.2650235
23.21 2.2648577
23.215 2.2646924
23.22 2.2645275
23.225 2.2643631
23.23 2.2641992
23.235 2.2640357
23.24 2.2638727
23.245 2.2637103
23.25 2.2635482
23.255 2.2633867
23.26 2.2632257
23.265 2.2630651
23.27 2.2629051
23.275 2.2627455
23.28 2.2625864
23.285 2.2624278
23.29 2.2622696
23.295 2.262112
23.3 2.2619549
23.305 2.2617982
23.31 2.2616421
23.315 2.2614864
23.32 2.2613313
23.325 2.2611766
23.33 2.2610224
23.335 2.2608688
23.34 2.2607156
23.345 2.2605629
23.35 2.2604108
23.355 2.2602591
23.36 2.260108
23.365 2.2599573
23.37 2.2598072
23.375 2.2596575
23.38 2.2595084
23.385 2.2593598
23.39 2.2592116
23.395 2.259064
23.4 2.2589169
23.405 2.2587703
23.41 2.2586243
23.415 2.2584787
23.42 2.2583336
23.425 2.2581891
23.43 2.2580451
23.435 2.2579016
23.44 2.2577586
23.445 2.2576161
23.45 2.2574742
23.455 2.2573327
23.46 2.2571918
23.465 2.2570514
23.47 2.2569116
23.475 2.2567722
23.48 2.2566334
23.485 2.2564951
23.49 2.2563573
23.495 2.2562201
23.5 2.2560833
23.505 2.2559471
23.51 2.2558115
23.515 2.2556763
23.52 2.2555417
23.525 2.2554076
23.53 2.255274
23.535 2.255141
23.54 2.2550085
23.545 2.2548765
23.55 2.2547451
23.555 2.2546142
23.56 2.2544838
23.565 2.254354
23.57 2.2542247
23.575 2.2540959
23.58 2.2539676
23.585 2.2538399
23.59 2.2537128
23.595 2.2535861
23.6 2.2534601
23.605 2.2533345
23.61 2.2532095
23.615 2.253085
23.62 2.2529611
23.625 2.2528377
23.63 2.2527148
23.635 2.2525925
23.64 2.2524707
23.645 2.2523495
23.65 2.2522288
23.655 2.2521086
23.66 2.251989
23.665 2.2518699
23.67 2.2517514
23.675 2.2516334
23.68 2.251516
23.685 2.2513991
23.69 2.2512828
23.695 2.251167
23.7 2.2510517
23.705 2.250937
23.71 2.2508228
23.715 2.2507092
23.72 2.2505961
23.725 2.2504836
23.73 2.2503716
23.735 2.2502602
23.74 2.2501493
23.745 2.250039
23.75 2.2499292
23.755 2.2498199
23.76 2.2497113
23.765 2.2496031
23.77 2.2494955
23.775 2.2493885
23.78 2.249282
23.785 2.2491761
23.79 2.2490707
23.795 2.2489658
23.8 2.2488615
23.805 2.2487578
23.81 2.2486546
23.815 2.248552
23.82 2.2484499
23.825 2.2483483
23.83 2.2482474
23.835 2.2481469
23.84 2.2480471
23.845 2.2479477
23.85 2.2478489
23.855 2.2477507
23.86 2.2476531
23.865 2.2475559
23.87 2.2474594
23.875 2.2473634
23.88 2.2472679
23.885 2.247173
23.89 2.2470786
23.895 2.2469848
23.9 2.2468916
23.905 2.2467989
23.91 2.2467067
23.915 2.2466151
23.92 2.2465241
23.925 2.2464336
23.93 2.2463437
23.935 2.2462543
23.94 2.2461654
23.945 2.2460772
23.95 2.2459894
23.955 2.2459023
23.96 2.2458156
23.965 2.2457296
23.97 2.2456441
23.975 2.2455591
23.98 2.2454747
23.985 2.2453908
23.99 2.2453075
23.995 2.2452248
24 2.2451426
24.005 2.2450609
24.01 2.2449798
24.015 2.2448993
24.02 2.2448193
24.025 2.2447398
24.03 2.2446609
24.035 2.2445826
24.04 2.2445048
24.045 2.2444275
24.05 2.2443508
24.055 2.2442747
24.06 2.2441991
24.065 2.244124
24.07 2.2440495
24.075 2.2439756
24.08 2.2439022
24.085 2.2438293
24.09 2.243757
24.095 2.2436853
24.1 2.2436141
24.105 2.2435434
24.11 2.2434733
24.115 2.2434038
24.12 2.2433347
24.125 2.2432663
24.13 2.2431983
24.135 2.243131
24.14 2.2430641
24.145 2.2429978
24.15 2.2429321
24.155 2.2428669
24.16 2.2428023
24.165 2.2427382
24.17 2.2426746
24.175 2.2426116
24.18 2.2425491
24.185 2.2424872
24.19 2.2424258
24.195 2.2423649
24.2 2.2423046
24.205 2.2422448
24.21 2.2421856
24.215 2.2421269
24.22 2.2420688
24.225 2.2420112
24.23 2.2419541
24.235 2.2418976
24.24 2.2418416
24.245 2.2417861
24.25 2.2417312
24.255 2.2416768
24.26 2.241623
24.265 2.2415697
24.27 2.2415169
24.275 2.2414646
24.28 2.2414129
24.285 2.2413618
24.29 2.2413111
24.295 2.241261
24.3 2.2412115
24.305 2.2411624
24.31 2.2411139
24.315 2.2410659
24.32 2.2410185
24.325 2.2409716
24.33 2.2409252
24.335 2.2408793
24.34 2.240834
24.345 2.2407892
24.35 2.2407449
24.355 2.2407012
24.36 2.2406579
24.365 2.2406152
24.37 2.2405731
24.375 2.2405314
24.38 2.2404903
24.385 2.2404497
24.39 2.2404096
24.395 2.2403701
24.4 2.240331
24.405 2.2402925
24.41 2.2402545
24.415 2.240217
24.42 2.2401801
24.425 2.2401436
24.43 2.2401077
24.435 2.2400723
24.44 2.2400374
24.445 2.240003
24.45 2.2399692
24.455 2.2399358
24.46 2.239903
24.465 2.2398707
24.47 2.2398389
24.475 2.2398076
24.48 2.2397768
24.485 2.2397465
24.49 2.2397167
24.495 2.2396875
24.5 2.2396587
24.505 2.2396305
24.51 2.2396027
24.515 2.2395755
24.52 2.2395487
24.525 2.2395225
24.53 2.2394968
24.535 2.2394716
24.54 2.2394468
24.545 2.2394226
24.55 2.2393989
24.555 2.2393757
24.56 2.239353
24.565 2.2393307
24.57 2.239309
24.575 2.2392878
24.58 2.239267
24.585 2.2392468
24.59 2.239227
24.595 2.2392078
24.6 2.239189
24.605 2.2391707
24.61 2.2391529
24.615 2.2391356
24.62 2.2391188
24.625 2.2391025
24.63 2.2390867
24.635 2.2390713
24.64 2.2390565
24.645 2.2390421
24.65 2.2390282
24.655 2.2390148
24.66 2.2390019
24.665 2.2389894
24.67 2.2389774
24.675 2.2389659
24.68 2.2389549
24.685 2.2389444
24.69 2.2389343
24.695 2.2389247
24.7 2.2389156
24.705 2.238907
24.71 2.2388988
24.715 2.2388911
24.72 2.2388839
24.725 2.2388771
24.73 2.2388709
24.735 2.238865
24.74 2.2388597
24.745 2.2388548
24.75 2.2388504
24.755 2.2388464
24.76 2.2388429
24.765 2.2388399
24.77 2.2388373
24.775 2.2388352
24.78 2.2388336
24.785 2.2388324
24.79 2.2388316
24.795 2.2388313
24.8 2.2388315
24.805 2.2388321
24.81 2.2388332
24.815 2.2388348
24.82 2.2388367
24.825 2.2388392
24.83 2.2388421
24.835 2.2388454
24.84 2.2388492
24.845 2.2388534
24.85 2.238858
24.855 2.2388632
24.86 2.2388687
24.865 2.2388747
24.87 2.2388811
24.875 2.238888
24.88 2.2388953
24.885 2.2389031
24.89 2.2389113
24.895 2.2389199
24.9 2.2389289
24.905 2.2389384
24.91 2.2389484
24.915 2.2389587
24.92 2.2389695
24.925 2.2389807
24.93 2.2389923
24.935 2.2390044
24.94 2.2390169
24.945 2.2390298
24.95 2.2390431
24.955 2.2390569
24.96 2.2390711
24.965 2.2390857
24.97 2.2391007
24.975 2.2391161
24.98 2.239132
24.985 2.2391483
24.99 2.239165
24.995 2.239182
25 2.2391996
