0	0.00023352739
0.005	0.0245239
0.01	0.049010291
0.015	0.073641097
0.02	0.098378106
0.025	0.12319307
0.03	0.14806514
0.035	0.17297896
0.04	0.19792323
0.045	0.22288965
0.05	0.24787213
0.055	0.27286622
0.06	0.29786867
0.065	0.32287712
0.07	0.34788983
0.075	0.37290555
0.08	0.39792337
0.085	0.42294263
0.09	0.44796286
0.095	0.47298371
0.1	0.49800494
0.105	0.52302637
0.11	0.54804787
0.115	0.57306936
0.12	0.59809076
0.125	0.62311204
0.13	0.64813316
0.135	0.67315409
0.14	0.69817484
0.145	0.72319538
0.15	0.74821571
0.155	0.77323582
0.16	0.79825572
0.165	0.8232754
0.17	0.84829486
0.175	0.87331411
0.18	0.89833313
0.185	0.92335194
0.19	0.94837053
0.195	0.9733889
0.2	0.99840705
0.205	1.023425
0.21	1.0484427
0.215	1.0734602
0.22	1.0984774
0.225	1.1234944
0.23	1.1485112
0.235	1.1735277
0.24	1.1985439
0.245	1.2235599
0.25	1.2485755
0.255	1.2735908
0.26	1.2986058
0.265	1.3236204
0.27	1.3486345
0.275	1.3736483
0.28	1.3986615
0.285	1.4236742
0.29	1.4486863
0.295	1.4736978
0.3	1.4987086
0.305	1.5237186
0.31	1.5487277
0.315	1.573736
0.32	1.5987432
0.325	1.6237493
0.33	1.6487542
0.335	1.6737577
0.34	1.6987599
0.345	1.7237605
0.35	1.7487593
0.355	1.7737564
0.36	1.7987514
0.365	1.8237443
0.37	1.8487349
0.375	1.873723
0.38	1.8987085
0.385	1.923691
0.39	1.9486705
0.395	1.9736467
0.4	1.9986195
0.405	2.0235884
0.41	2.0485534
0.415	2.0735142
0.42	2.0984704
0.425	2.1234219
0.43	2.1483684
0.435	2.1733096
0.44	2.1982451
0.445	2.2231747
0.45	2.248098
0.455	2.2730148
0.46	2.2979247
0.465	2.3228273
0.47	2.3477223
0.475	2.3726093
0.48	2.397488
0.485	2.422358
0.49	2.4472189
0.495	2.4720702
0.5	2.4969117
0.505	2.5217428
0.51	2.5465632
0.515	2.5713724
0.52	2.5961699
0.525	2.6209555
0.53	2.6457285
0.535	2.6704885
0.54	2.695235
0.545	2.7199677
0.55	2.7446859
0.555	2.7693892
0.56	2.7940772
0.565	2.8187492
0.57	2.8434049
0.575	2.8680436
0.58	2.8926648
0.585	2.9172681
0.59	2.9418529
0.595	2.9664186
0.6	2.9909648
0.605	3.0154908
0.61	3.0399961
0.615	3.0644801
0.62	3.0889424
0.625	3.1133822
0.63	3.1377991
0.635	3.1621925
0.64	3.1865617
0.645	3.2109062
0.65	3.2352255
0.655	3.2595188
0.66	3.2837857
0.665	3.3080255
0.67	3.3322376
0.675	3.3564214
0.68	3.3805764
0.685	3.4047018
0.69	3.4287972
0.695	3.4528618
0.7	3.4768951
0.705	3.5008964
0.71	3.5248652
0.715	3.5488007
0.72	3.5727025
0.725	3.5965698
0.73	3.620402
0.735	3.6441986
0.74	3.6679588
0.745	3.6916821
0.75	3.7153679
0.755	3.7390154
0.76	3.7626241
0.765	3.7861934
0.77	3.8097226
0.775	3.8332111
0.78	3.8566583
0.785	3.8800635
0.79	3.9034262
0.795	3.9267456
0.8	3.9500212
0.805	3.9732524
0.81	3.9964384
0.815	4.0195788
0.82	4.0426729
0.825	4.06572
0.83	4.0887196
0.835	4.1116711
0.84	4.1345737
0.845	4.157427
0.85	4.1802302
0.855	4.2029829
0.86	4.2256843
0.865	4.2483339
0.87	4.2709312
0.875	4.2934754
0.88	4.3159659
0.885	4.3384023
0.89	4.3607839
0.895	4.3831101
0.9	4.4053804
0.905	4.4275941
0.91	4.4497506
0.915	4.4718495
0.92	4.49389
0.925	4.5158718
0.93	4.5377941
0.935	4.5596564
0.94	4.5814582
0.945	4.6031989
0.95	4.6248779
0.955	4.6464948
0.96	4.6680489
0.965	4.6895397
0.97	4.7109667
0.975	4.7323293
0.98	4.7536271
0.985	4.7748594
0.99	4.7960258
0.995	4.8171257
1	4.8381587
1.005	4.8591242
1.01	4.8800216
1.015	4.9008506
1.02	4.9216106
1.025	4.9423011
1.03	4.9629217
1.035	4.9834718
1.04	5.0039509
1.045	5.0243586
1.05	5.0446945
1.055	5.064958
1.06	5.0851486
1.065	5.105266
1.07	5.1253097
1.075	5.1452791
1.08	5.165174
1.085	5.1849938
1.09	5.2047381
1.095	5.2244064
1.1	5.2439984
1.105	5.2635136
1.11	5.2829516
1.115	5.3023121
1.12	5.3215945
1.125	5.3407985
1.13	5.3599236
1.135	5.3789696
1.14	5.397936
1.145	5.4168224
1.15	5.4356284
1.155	5.4543537
1.16	5.4729979
1.165	5.4915607
1.17	5.5100416
1.175	5.5284404
1.18	5.5467566
1.185	5.56499
1.19	5.5831401
1.195	5.6012067
1.2	5.6191895
1.205	5.637088
1.21	5.6549021
1.215	5.6726313
1.22	5.6902753
1.225	5.707834
1.23	5.7253068
1.235	5.7426937
1.24	5.7599942
1.245	5.777208
1.25	5.794335
1.255	5.8113748
1.26	5.8283272
1.265	5.8451918
1.27	5.8619685
1.275	5.8786569
1.28	5.8952569
1.285	5.9117681
1.29	5.9281904
1.295	5.9445234
1.3	5.960767
1.305	5.9769209
1.31	5.992985
1.315	6.0089589
1.32	6.0248425
1.325	6.0406355
1.33	6.0563378
1.335	6.0719491
1.34	6.0874694
1.345	6.1028982
1.35	6.1182356
1.355	6.1334813
1.36	6.1486351
1.365	6.1636968
1.37	6.1786663
1.375	6.1935435
1.38	6.2083281
1.385	6.22302
1.39	6.237619
1.395	6.2521251
1.4	6.266538
1.405	6.2808577
1.41	6.2950839
1.415	6.3092166
1.42	6.3232557
1.425	6.337201
1.43	6.3510524
1.435	6.3648098
1.44	6.3784731
1.445	6.3920421
1.45	6.4055169
1.455	6.4188972
1.46	6.4321831
1.465	6.4453743
1.47	6.4584709
1.475	6.4714728
1.48	6.4843798
1.485	6.497192
1.49	6.5099091
1.495	6.5225313
1.5	6.5350584
1.505	6.5474903
1.51	6.5598271
1.515	6.5720687
1.52	6.5842149
1.525	6.5962659
1.53	6.6082215
1.535	6.6200817
1.54	6.6318465
1.545	6.6435159
1.55	6.6550899
1.555	6.6665683
1.56	6.6779513
1.565	6.6892388
1.57	6.7004308
1.575	6.7115273
1.58	6.7225282
1.585	6.7334337
1.59	6.7442437
1.595	6.7549582
1.6	6.7655773
1.605	6.7761009
1.61	6.7865291
1.615	6.7968618
1.62	6.8070993
1.625	6.8172413
1.63	6.8272881
1.635	6.8372395
1.64	6.8470958
1.645	6.8568569
1.65	6.8665228
1.655	6.8760936
1.66	6.8855694
1.665	6.8949502
1.67	6.9042361
1.675	6.9134271
1.68	6.9225234
1.685	6.9315249
1.69	6.9404317
1.695	6.949244
1.7	6.9579617
1.705	6.9665851
1.71	6.975114
1.715	6.9835488
1.72	6.9918893
1.725	7.0001358
1.73	7.0082882
1.735	7.0163468
1.74	7.0243116
1.745	7.0321827
1.75	7.0399602
1.755	7.0476442
1.76	7.0552348
1.765	7.0627321
1.77	7.0701363
1.775	7.0774475
1.78	7.0846657
1.785	7.0917912
1.79	7.0988239
1.795	7.1057641
1.8	7.1126119
1.805	7.1193674
1.81	7.1260307
1.815	7.132602
1.82	7.1390814
1.825	7.1454691
1.83	7.1517651
1.835	7.1579697
1.84	7.1640829
1.845	7.170105
1.85	7.176036
1.855	7.1818761
1.86	7.1876256
1.865	7.1932844
1.87	7.1988529
1.875	7.2043311
1.88	7.2097192
1.885	7.2150174
1.89	7.2202258
1.895	7.2253446
1.9	7.230374
1.905	7.2353141
1.91	7.2401651
1.915	7.2449272
1.92	7.2496006
1.925	7.2541854
1.93	7.2586819
1.935	7.2630901
1.94	7.2674103
1.945	7.2716427
1.95	7.2757874
1.955	7.2798446
1.96	7.2838146
1.965	7.2876975
1.97	7.2914935
1.975	7.2952028
1.98	7.2988256
1.985	7.302362
1.99	7.3058124
1.995	7.3091768
2	7.3124555
2.005	7.3156487
2.01	7.3187565
2.015	7.3217793
2.02	7.3247172
2.025	7.3275703
2.03	7.330339
2.035	7.3330233
2.04	7.3356236
2.045	7.33814
2.05	7.3405728
2.055	7.3429221
2.06	7.3451883
2.065	7.3473714
2.07	7.3494717
2.075	7.3514894
2.08	7.3534248
2.085	7.355278
2.09	7.3570493
2.095	7.3587389
2.1	7.3603471
2.105	7.361874
2.11	7.3633199
2.115	7.364685
2.12	7.3659695
2.125	7.3671737
2.13	7.3682977
2.135	7.3693419
2.14	7.3703064
2.145	7.3711915
2.15	7.3719973
2.155	7.3727243
2.16	7.3733725
2.165	7.3739421
2.17	7.3744336
2.175	7.374847
2.18	7.3751826
2.185	7.3754407
2.19	7.3756214
2.195	7.3757251
2.2	7.3757519
2.205	7.3757021
2.21	7.375576
2.215	7.3753737
2.22	7.3750955
2.225	7.3747418
2.23	7.3743126
2.235	7.3738082
2.24	7.373229
2.245	7.3725751
2.25	7.3718467
2.255	7.3710442
2.26	7.3701677
2.265	7.3692176
2.27	7.368194
2.275	7.3670972
2.28	7.3659275
2.285	7.364685
2.29	7.3633702
2.295	7.3619831
2.3	7.360524
2.305	7.3589932
2.31	7.357391
2.315	7.3557176
2.32	7.3539732
2.325	7.352158
2.33	7.3502725
2.335	7.3483167
2.34	7.3462909
2.345	7.3441955
2.35	7.3420305
2.355	7.3397964
2.36	7.3374933
2.365	7.3351216
2.37	7.3326813
2.375	7.3301729
2.38	7.3275965
2.385	7.3249525
2.39	7.322241
2.395	7.3194623
2.4	7.3166166
2.405	7.3137043
2.41	7.3107256
2.415	7.3076807
2.42	7.3045699
2.425	7.3013934
2.43	7.2981515
2.435	7.2948444
2.44	7.2914724
2.445	7.2880358
2.45	7.2845348
2.455	7.2809697
2.46	7.2773406
2.465	7.273648
2.47	7.2698919
2.475	7.2660728
2.48	7.2621907
2.485	7.2582461
2.49	7.2542391
2.495	7.2501699
2.5	7.246039
2.505	7.2418464
2.51	7.2375925
2.515	7.2332775
2.52	7.2289017
2.525	7.2244652
2.53	7.2199685
2.535	7.2154117
2.54	7.210795
2.545	7.2061188
2.55	7.2013833
2.555	7.1965888
2.56	7.1917354
2.565	7.1868235
2.57	7.1818532
2.575	7.176825
2.58	7.1717389
2.585	7.1665953
2.59	7.1613944
2.595	7.1561365
2.6	7.1508218
2.605	7.1454505
2.61	7.140023
2.615	7.1345395
2.62	7.1290002
2.625	7.1234054
2.63	7.1177553
2.635	7.1120501
2.64	7.1062902
2.645	7.1004758
2.65	7.0946071
2.655	7.0886845
2.66	7.082708
2.665	7.076678
2.67	7.0705948
2.675	7.0644585
2.68	7.0582695
2.685	7.0520279
2.69	7.0457341
2.695	7.0393882
2.7	7.0329906
2.705	7.0265415
2.71	7.0200411
2.715	7.0134896
2.72	7.0068874
2.725	7.0002346
2.73	6.9935315
2.735	6.9867784
2.74	6.9799755
2.745	6.9731231
2.75	6.9662213
2.755	6.9592705
2.76	6.9522709
2.765	6.9452227
2.77	6.9381262
2.775	6.9309816
2.78	6.9237891
2.785	6.9165491
2.79	6.9092617
2.795	6.9019272
2.8	6.8945458
2.805	6.8871179
2.81	6.8796435
2.815	6.872123
2.82	6.8645566
2.825	6.8569445
2.83	6.8492871
2.835	6.8415844
2.84	6.8338369
2.845	6.8260446
2.85	6.8182079
2.855	6.8103269
2.86	6.802402
2.865	6.7944334
2.87	6.7864212
2.875	6.7783658
2.88	6.7702674
2.885	6.7621261
2.89	6.7539424
2.895	6.7457163
2.9	6.7374481
2.905	6.7291381
2.91	6.7207865
2.915	6.7123935
2.92	6.7039593
2.925	6.6954843
2.93	6.6869686
2.935	6.6784125
2.94	6.6698161
2.945	6.6611798
2.95	6.6525038
2.955	6.6437882
2.96	6.6350334
2.965	6.6262396
2.97	6.6174069
2.975	6.6085357
2.98	6.5996261
2.985	6.5906784
2.99	6.5816928
2.995	6.5726695
3	6.5636088
3.005	6.5545109
3.01	6.5453761
3.015	6.5362044
3.02	6.5269963
3.025	6.5177519
3.03	6.5084714
3.035	6.4991551
3.04	6.4898032
3.045	6.4804159
3.05	6.4709934
3.055	6.461536
3.06	6.4520438
3.065	6.4425172
3.07	6.4329564
3.075	6.4233615
3.08	6.4137327
3.085	6.4040704
3.09	6.3943747
3.095	6.3846459
3.1	6.3748841
3.105	6.3650896
3.11	6.3552626
3.115	6.3454034
3.12	6.3355121
3.125	6.325589
3.13	6.3156343
3.135	6.3056482
3.14	6.295631
3.145	6.2855827
3.15	6.2755038
3.155	6.2653943
3.16	6.2552546
3.165	6.2450847
3.17	6.234885
3.175	6.2246556
3.18	6.2143968
3.185	6.2041088
3.19	6.1937918
3.195	6.183446
3.2	6.1730716
3.205	6.1626688
3.21	6.1522379
3.215	6.1417791
3.22	6.1312925
3.225	6.1207785
3.23	6.1102371
3.235	6.0996686
3.24	6.0890733
3.245	6.0784513
3.25	6.0678029
3.255	6.0571282
3.26	6.0464274
3.265	6.0357009
3.27	6.0249487
3.275	6.0141711
3.28	6.0033683
3.285	5.9925405
3.29	5.9816879
3.295	5.9708108
3.3	5.9599093
3.305	5.9489836
3.31	5.9380339
3.315	5.9270605
3.32	5.9160636
3.325	5.9050433
3.33	5.8939998
3.335	5.8829334
3.34	5.8718443
3.345	5.8607327
3.35	5.8495987
3.355	5.8384426
3.36	5.8272646
3.365	5.8160649
3.37	5.8048437
3.375	5.7936011
3.38	5.7823374
3.385	5.7710528
3.39	5.7597475
3.395	5.7484217
3.4	5.7370756
3.405	5.7257093
3.41	5.7143231
3.415	5.7029173
3.42	5.6914918
3.425	5.6800471
3.43	5.6685832
3.435	5.6571004
3.44	5.6455989
3.445	5.6340788
3.45	5.6225404
3.455	5.6109839
3.46	5.5994094
3.465	5.5878171
3.47	5.5762073
3.475	5.5645801
3.48	5.5529357
3.485	5.5412744
3.49	5.5295963
3.495	5.5179015
3.5	5.5061904
3.505	5.4944631
3.51	5.4827197
3.515	5.4709605
3.52	5.4591857
3.525	5.4473954
3.53	5.4355899
3.535	5.4237693
3.54	5.4119338
3.545	5.4000837
3.55	5.388219
3.555	5.37634
3.56	5.3644469
3.565	5.3525399
3.57	5.3406191
3.575	5.3286848
3.58	5.3167371
3.585	5.3047762
3.59	5.2928023
3.595	5.2808156
3.6	5.2688162
3.605	5.2568044
3.61	5.2447804
3.615	5.2327442
3.62	5.2206962
3.625	5.2086365
3.63	5.1965652
3.635	5.1844826
3.64	5.1723889
3.645	5.1602841
3.65	5.1481686
3.655	5.1360425
3.66	5.1239059
3.665	5.1117591
3.67	5.0996022
3.675	5.0874354
3.68	5.0752588
3.685	5.0630728
3.69	5.0508774
3.695	5.0386728
3.7	5.0264593
3.705	5.0142369
3.71	5.0020059
3.715	4.9897664
3.72	4.9775186
3.725	4.9652627
3.73	4.9529989
3.735	4.9407273
3.74	4.9284482
3.745	4.9161616
3.75	4.9038678
3.755	4.891567
3.76	4.8792592
3.765	4.8669448
3.77	4.8546238
3.775	4.8422965
3.78	4.829963
3.785	4.8176235
3.79	4.8052781
3.795	4.792927
3.8	4.7805705
3.805	4.7682086
3.81	4.7558416
3.815	4.7434696
3.82	4.7310927
3.825	4.7187113
3.83	4.7063253
3.835	4.693935
3.84	4.6815406
3.845	4.6691422
3.85	4.6567401
3.855	4.6443343
3.86	4.631925
3.865	4.6195124
3.87	4.6070967
3.875	4.594678
3.88	4.5822565
3.885	4.5698324
3.89	4.5574058
3.895	4.544977
3.9	4.5325459
3.905	4.5201129
3.91	4.5076781
3.915	4.4952417
3.92	4.4828037
3.925	4.4703644
3.93	4.457924
3.935	4.4454826
3.94	4.4330403
3.945	4.4205974
3.95	4.408154
3.955	4.3957102
3.96	4.3832662
3.965	4.3708222
3.97	4.3583783
3.975	4.3459347
3.98	4.3334916
3.985	4.3210491
3.99	4.3086073
3.995	4.2961664
4	4.2837267
4.005	4.2712882
4.01	4.258851
4.015	4.2464154
4.02	4.2339816
4.025	4.2215496
4.03	4.2091196
4.035	4.1966918
4.04	4.1842663
4.045	4.1718433
4.05	4.159423
4.055	4.1470054
4.06	4.1345908
4.065	4.1221793
4.07	4.109771
4.075	4.0973662
4.08	4.0849649
4.085	4.0725673
4.09	4.0601736
4.095	4.0477838
4.1	4.0353983
4.105	4.023017
4.11	4.0106402
4.115	3.9982681
4.12	3.9859006
4.125	3.9735381
4.13	3.9611807
4.135	3.9488284
4.14	3.9364815
4.145	3.9241402
4.15	3.9118044
4.155	3.8994745
4.16	3.8871504
4.165	3.8748325
4.17	3.8625208
4.175	3.8502155
4.18	3.8379167
4.185	3.8256245
4.19	3.8133392
4.195	3.8010608
4.2	3.7887896
4.205	3.7765255
4.21	3.7642689
4.215	3.7520197
4.22	3.7397782
4.225	3.7275446
4.23	3.7153188
4.235	3.7031012
4.24	3.6908918
4.245	3.6786908
4.25	3.6664982
4.255	3.6543143
4.26	3.6421392
4.265	3.629973
4.27	3.6178159
4.275	3.605668
4.28	3.5935294
4.285	3.5814003
4.29	3.5692808
4.295	3.557171
4.3	3.5450711
4.305	3.5329812
4.31	3.5209015
4.315	3.5088321
4.32	3.4967731
4.325	3.4847246
4.33	3.4726868
4.335	3.4606598
4.34	3.4486438
4.345	3.4366389
4.35	3.4246452
4.355	3.4126628
4.36	3.4006919
4.365	3.3887326
4.37	3.376785
4.375	3.3648493
4.38	3.3529256
4.385	3.3410141
4.39	3.3291147
4.395	3.3172278
4.4	3.3053534
4.405	3.2934916
4.41	3.2816425
4.415	3.2698064
4.42	3.2579832
4.425	3.2461732
4.43	3.2343765
4.435	3.2225932
4.44	3.2108233
4.445	3.1990672
4.45	3.1873247
4.455	3.1755962
4.46	3.1638817
4.465	3.1521813
4.47	3.1404951
4.475	3.1288233
4.48	3.1171661
4.485	3.1055234
4.49	3.0938955
4.495	3.0822824
4.5	3.0706843
4.505	3.0591013
4.51	3.0475335
4.515	3.0359811
4.52	3.024444
4.525	3.0129226
4.53	3.0014168
4.535	2.9899269
4.54	2.9784528
4.545	2.9669948
4.55	2.955553
4.555	2.9441273
4.56	2.9327181
4.565	2.9213254
4.57	2.9099492
4.575	2.8985898
4.58	2.8872472
4.585	2.8759216
4.59	2.864613
4.595	2.8533215
4.6	2.8420474
4.605	2.8307906
4.61	2.8195513
4.615	2.8083297
4.62	2.7971257
4.625	2.7859396
4.63	2.7747714
4.635	2.7636212
4.64	2.7524892
4.645	2.7413754
4.65	2.73028
4.655	2.7192031
4.66	2.7081447
4.665	2.6971051
4.67	2.6860842
4.675	2.6750821
4.68	2.6640991
4.685	2.6531352
4.69	2.6421905
4.695	2.631265
4.7	2.620359
4.705	2.6094725
4.71	2.5986056
4.715	2.5877584
4.72	2.576931
4.725	2.5661235
4.73	2.555336
4.735	2.5445686
4.74	2.5338214
4.745	2.5230945
4.75	2.5123881
4.755	2.5017021
4.76	2.4910367
4.765	2.480392
4.77	2.4697681
4.775	2.4591651
4.78	2.448583
4.785	2.438022
4.79	2.4274822
4.795	2.4169637
4.8	2.4064664
4.805	2.3959907
4.81	2.3855365
4.815	2.3751039
4.82	2.364693
4.825	2.3543039
4.83	2.3439368
4.835	2.3335916
4.84	2.3232685
4.845	2.3129676
4.85	2.3026889
4.855	2.2924326
4.86	2.2821987
4.865	2.2719874
4.87	2.2617986
4.875	2.2516326
4.88	2.2414893
4.885	2.2313689
4.89	2.2212714
4.895	2.211197
4.9	2.2011457
4.905	2.1911176
4.91	2.1811128
4.915	2.1711314
4.92	2.1611734
4.925	2.1512389
4.93	2.1413281
4.935	2.1314409
4.94	2.1215775
4.945	2.111738
4.95	2.1019224
4.955	2.0921308
4.96	2.0823633
4.965	2.07262
4.97	2.0629009
4.975	2.0532062
4.98	2.0435358
4.985	2.0338899
4.99	2.0242686
4.995	2.0146719
5	2.0050999
5.005	1.9955527
5.01	1.9860303
5.015	1.9765328
5.02	1.9670604
5.025	1.957613
5.03	1.9481907
5.035	1.9387937
5.04	1.9294219
5.045	1.9200755
5.05	1.9107545
5.055	1.901459
5.06	1.892189
5.065	1.8829447
5.07	1.8737261
5.075	1.8645332
5.08	1.8553662
5.085	1.846225
5.09	1.8371099
5.095	1.8280207
5.1	1.8189577
5.105	1.8099208
5.11	1.8009101
5.115	1.7919257
5.12	1.7829677
5.125	1.7740361
5.13	1.7651309
5.135	1.7562523
5.14	1.7474003
5.145	1.7385749
5.15	1.7297763
5.155	1.7210044
5.16	1.7122594
5.165	1.7035413
5.17	1.6948501
5.175	1.6861859
5.18	1.6775488
5.185	1.6689389
5.19	1.6603561
5.195	1.6518006
5.2	1.6432723
5.205	1.6347715
5.21	1.626298
5.215	1.617852
5.22	1.6094335
5.225	1.6010425
5.23	1.5926792
5.235	1.5843436
5.24	1.5760356
5.245	1.5677555
5.25	1.5595032
5.255	1.5512787
5.26	1.5430822
5.265	1.5349137
5.27	1.5267732
5.275	1.5186607
5.28	1.5105764
5.285	1.5025202
5.29	1.4944923
5.295	1.4864926
5.3	1.4785213
5.305	1.4705783
5.31	1.4626637
5.315	1.4547775
5.32	1.4469198
5.325	1.4390907
5.33	1.4312901
5.335	1.4235182
5.34	1.4157749
5.345	1.4080603
5.35	1.4003745
5.355	1.3927174
5.36	1.3850892
5.365	1.3774898
5.37	1.3699194
5.375	1.3623778
5.38	1.3548653
5.385	1.3473818
5.39	1.3399274
5.395	1.332502
5.4	1.3251058
5.405	1.3177387
5.41	1.3104009
5.415	1.3030923
5.42	1.2958129
5.425	1.2885629
5.43	1.2813422
5.435	1.2741509
5.44	1.266989
5.445	1.2598566
5.45	1.2527536
5.455	1.2456801
5.46	1.2386361
5.465	1.2316218
5.47	1.224637
5.475	1.2176818
5.48	1.2107563
5.485	1.2038605
5.49	1.1969944
5.495	1.1901581
5.5	1.1833515
5.505	1.1765747
5.51	1.1698277
5.515	1.1631106
5.52	1.1564234
5.525	1.149766
5.53	1.1431386
5.535	1.1365411
5.54	1.1299736
5.545	1.1234361
5.55	1.1169286
5.555	1.1104511
5.56	1.1040037
5.565	1.0975864
5.57	1.0911992
5.575	1.0848421
5.58	1.0785152
5.585	1.0722184
5.59	1.0659518
5.595	1.0597154
5.6	1.0535093
5.605	1.0473333
5.61	1.0411877
5.615	1.0350723
5.62	1.0289871
5.625	1.0229323
5.63	1.0169078
5.635	1.0109137
5.64	1.0049499
5.645	0.99901646
5.65	0.9931134
5.655	0.98724074
5.66	0.98139848
5.665	0.97558663
5.67	0.96980522
5.675	0.96405425
5.68	0.95833373
5.685	0.95264368
5.69	0.94698409
5.695	0.94135499
5.7	0.93575639
5.705	0.93018828
5.71	0.92465069
5.715	0.91914362
5.72	0.91366707
5.725	0.90822105
5.73	0.90280557
5.735	0.89742065
5.74	0.89206627
5.745	0.88674245
5.75	0.88144919
5.755	0.87618651
5.76	0.87095439
5.765	0.86575285
5.77	0.86058189
5.775	0.85544151
5.78	0.85033172
5.785	0.84525251
5.79	0.8402039
5.795	0.83518587
5.8	0.83019843
5.805	0.82524159
5.81	0.82031533
5.815	0.81541967
5.82	0.81055459
5.825	0.80572011
5.83	0.80091621
5.835	0.7961429
5.84	0.79140016
5.845	0.78668801
5.85	0.78200644
5.855	0.77735543
5.86	0.772735
5.865	0.76814513
5.87	0.76358582
5.875	0.75905706
5.88	0.75455885
5.885	0.75009118
5.89	0.74565404
5.895	0.74124744
5.9	0.73687135
5.905	0.73252578
5.91	0.72821071
5.915	0.72392614
5.92	0.71967205
5.925	0.71544845
5.93	0.71125531
5.935	0.70709263
5.94	0.70296039
5.945	0.69885859
5.95	0.69478722
5.955	0.69074626
5.96	0.68673569
5.965	0.68275552
5.97	0.67880572
5.975	0.67488629
5.98	0.6709972
5.985	0.66713845
5.99	0.66331002
5.995	0.65951189
6	0.65574405
6.005	0.65200648
6.01	0.64829918
6.015	0.64462211
6.02	0.64097527
6.025	0.63735864
6.03	0.63377219
6.035	0.63021592
6.04	0.62668981
6.045	0.62319382
6.05	0.61972796
6.055	0.61629219
6.06	0.6128865
6.065	0.60951086
6.07	0.60616526
6.075	0.60284968
6.08	0.59956409
6.085	0.59630847
6.09	0.5930828
6.095	0.58988706
6.1	0.58672123
6.105	0.58358528
6.11	0.58047919
6.115	0.57740293
6.12	0.57435648
6.125	0.57133983
6.13	0.56835293
6.135	0.56539577
6.14	0.56246832
6.145	0.55957055
6.15	0.55670245
6.155	0.55386397
6.16	0.5510551
6.165	0.54827581
6.17	0.54552607
6.175	0.54280585
6.18	0.54011513
6.185	0.53745387
6.19	0.53482204
6.195	0.53221963
6.2	0.52964659
6.205	0.52710289
6.21	0.52458852
6.215	0.52210343
6.22	0.51964759
6.225	0.51722098
6.23	0.51482356
6.235	0.51245529
6.24	0.51011616
6.245	0.50780612
6.25	0.50552514
6.255	0.50327319
6.26	0.50105023
6.265	0.49885624
6.27	0.49669117
6.275	0.49455499
6.28	0.49244766
6.285	0.49036916
6.29	0.48831944
6.295	0.48629848
6.3	0.48430622
6.305	0.48234265
6.31	0.48040771
6.315	0.47850137
6.32	0.4766236
6.325	0.47477436
6.33	0.4729536
6.335	0.4711613
6.34	0.46939741
6.345	0.46766189
6.35	0.4659547
6.355	0.46427581
6.36	0.46262517
6.365	0.46100274
6.37	0.45940849
6.375	0.45784237
6.38	0.45630434
6.385	0.45479436
6.39	0.45331239
6.395	0.45185838
6.4	0.4504323
6.405	0.44903409
6.41	0.44766373
6.415	0.44632116
6.42	0.44500634
6.425	0.44371923
6.43	0.44245978
6.435	0.44122795
6.44	0.4400237
6.445	0.43884697
6.45	0.43769773
6.455	0.43657593
6.46	0.43548152
6.465	0.43441446
6.47	0.4333747
6.475	0.43236219
6.48	0.4313769
6.485	0.43041876
6.49	0.42948773
6.495	0.42858377
6.5	0.42770683
6.505	0.42685686
6.51	0.42603381
6.515	0.42523763
6.52	0.42446828
6.525	0.4237257
6.53	0.42300984
6.535	0.42232066
6.54	0.4216581
6.545	0.42102212
6.55	0.42041267
6.555	0.41982969
6.56	0.41927313
6.565	0.41874294
6.57	0.41823907
6.575	0.41776147
6.58	0.41731009
6.585	0.41688487
6.59	0.41648576
6.595	0.41611271
6.6	0.41576567
6.605	0.41544458
6.61	0.41514939
6.615	0.41488005
6.62	0.4146365
6.625	0.41441869
6.63	0.41422656
6.635	0.41406005
6.64	0.41391913
6.645	0.41380372
6.65	0.41371377
6.655	0.41364924
6.66	0.41361006
6.665	0.41359617
6.67	0.41360752
6.675	0.41364406
6.68	0.41370573
6.685	0.41379246
6.69	0.41390421
6.695	0.41404092
6.7	0.41420252
6.705	0.41438897
6.71	0.4146002
6.715	0.41483616
6.72	0.41509678
6.725	0.41538201
6.73	0.41569179
6.735	0.41602606
6.74	0.41638476
6.745	0.41676784
6.75	0.41717523
6.755	0.41760687
6.76	0.4180627
6.765	0.41854267
6.77	0.41904671
6.775	0.41957476
6.78	0.42012676
6.785	0.42070266
6.79	0.42130238
6.795	0.42192587
6.8	0.42257307
6.805	0.42324391
6.81	0.42393834
6.815	0.42465628
6.82	0.42539769
6.825	0.42616249
6.83	0.42695062
6.835	0.42776203
6.84	0.42859664
6.845	0.4294544
6.85	0.43033524
6.855	0.4312391
6.86	0.43216591
6.865	0.43311562
6.87	0.43408815
6.875	0.43508344
6.88	0.43610143
6.885	0.43714206
6.89	0.43820525
6.895	0.43929095
6.9	0.44039909
6.905	0.4415296
6.91	0.44268242
6.915	0.44385748
6.92	0.44505473
6.925	0.44627408
6.93	0.44751548
6.935	0.44877886
6.94	0.45006415
6.945	0.45137129
6.95	0.45270021
6.955	0.45405085
6.96	0.45542313
6.965	0.45681699
6.97	0.45823237
6.975	0.45966919
6.98	0.46112739
6.985	0.4626069
6.99	0.46410765
6.995	0.46562958
7	0.46717262
7.005	0.46873669
7.01	0.47032174
7.015	0.47192769
7.02	0.47355447
7.025	0.47520202
7.03	0.47687027
7.035	0.47855914
7.04	0.48026857
7.045	0.48199849
7.05	0.48374884
7.055	0.48551953
7.06	0.4873105
7.065	0.48912169
7.07	0.49095302
7.075	0.49280442
7.08	0.49467582
7.085	0.49656715
7.09	0.49847835
7.095	0.50040934
7.1	0.50236004
7.105	0.5043304
7.11	0.50632034
7.115	0.50832979
7.12	0.51035867
7.125	0.51240693
7.13	0.51447447
7.135	0.51656125
7.14	0.51866717
7.145	0.52079218
7.15	0.5229362
7.155	0.52509916
7.16	0.52728098
7.165	0.5294816
7.17	0.53170095
7.175	0.53393894
7.18	0.53619551
7.185	0.5384706
7.19	0.54076411
7.195	0.54307599
7.2	0.54540616
7.205	0.54775455
7.21	0.55012108
7.215	0.55250568
7.22	0.55490828
7.225	0.55732881
7.23	0.5597672
7.235	0.56222336
7.24	0.56469723
7.245	0.56718874
7.25	0.5696978
7.255	0.57222436
7.26	0.57476833
7.265	0.57732964
7.27	0.57990821
7.275	0.58250398
7.28	0.58511687
7.285	0.58774681
7.29	0.59039372
7.295	0.59305752
7.3	0.59573815
7.305	0.59843554
7.31	0.60114959
7.315	0.60388025
7.32	0.60662744
7.325	0.60939108
7.33	0.61217111
7.335	0.61496743
7.34	0.61777999
7.345	0.6206087
7.35	0.6234535
7.355	0.6263143
7.36	0.62919103
7.365	0.63208362
7.37	0.634992
7.375	0.63791608
7.38	0.6408558
7.385	0.64381107
7.39	0.64678183
7.395	0.649768
7.4	0.6527695
7.405	0.65578625
7.41	0.6588182
7.415	0.66186525
7.42	0.66492733
7.425	0.66800437
7.43	0.67109629
7.435	0.67420303
7.44	0.67732449
7.445	0.68046061
7.45	0.68361131
7.455	0.68677652
7.46	0.68995616
7.465	0.69315015
7.47	0.69635843
7.475	0.6995809
7.48	0.70281751
7.485	0.70606817
7.49	0.70933281
7.495	0.71261135
7.5	0.71590371
7.505	0.71920983
7.51	0.72252962
7.515	0.72586301
7.52	0.72920993
7.525	0.73257029
7.53	0.73594403
7.535	0.73933106
7.54	0.74273132
7.545	0.74614472
7.55	0.74957119
7.555	0.75301065
7.56	0.75646303
7.565	0.75992825
7.57	0.76340624
7.575	0.76689693
7.58	0.77040022
7.585	0.77391606
7.59	0.77744436
7.595	0.78098505
7.6	0.78453804
7.605	0.78810328
7.61	0.79168068
7.615	0.79527016
7.62	0.79887165
7.625	0.80248507
7.63	0.80611035
7.635	0.80974742
7.64	0.81339619
7.645	0.81705659
7.65	0.82072854
7.655	0.82441197
7.66	0.82810681
7.665	0.83181298
7.67	0.83553039
7.675	0.83925899
7.68	0.84299868
7.685	0.8467494
7.69	0.85051107
7.695	0.85428361
7.7	0.85806696
7.705	0.86186102
7.71	0.86566574
7.715	0.86948102
7.72	0.87330681
7.725	0.87714301
7.73	0.88098956
7.735	0.88484639
7.74	0.8887134
7.745	0.89259054
7.75	0.89647772
7.755	0.90037488
7.76	0.90428192
7.765	0.90819879
7.77	0.9121254
7.775	0.91606168
7.78	0.92000756
7.785	0.92396295
7.79	0.92792779
7.795	0.931902
7.8	0.9358855
7.805	0.93987823
7.81	0.94388009
7.815	0.94789103
7.82	0.95191097
7.825	0.95593982
7.83	0.95997752
7.835	0.96402399
7.84	0.96807916
7.845	0.97214296
7.85	0.9762153
7.855	0.98029611
7.86	0.98438533
7.865	0.98848286
7.87	0.99258866
7.875	0.99670262
7.88	1.0008247
7.885	1.0049548
7.89	1.0090928
7.895	1.0132388
7.9	1.0173925
7.905	1.021554
7.91	1.0257231
7.915	1.0298999
7.92	1.0340841
7.925	1.0382758
7.93	1.0424748
7.935	1.0466811
7.94	1.0508947
7.945	1.0551154
7.95	1.0593431
7.955	1.0635779
7.96	1.0678196
7.965	1.0720681
7.97	1.0763235
7.975	1.0805855
7.98	1.0848542
7.985	1.0891294
7.99	1.0934111
7.995	1.0976992
8	1.1019937
8.005	1.1062944
8.01	1.1106014
8.015	1.1149144
8.02	1.1192336
8.025	1.1235587
8.03	1.1278897
8.035	1.1322265
8.04	1.1365692
8.045	1.1409175
8.05	1.1452714
8.055	1.1496309
8.06	1.1539959
8.065	1.1583663
8.07	1.162742
8.075	1.1671229
8.08	1.1715091
8.085	1.1759004
8.09	1.1802968
8.095	1.1846981
8.1	1.1891043
8.105	1.1935154
8.11	1.1979313
8.115	1.2023518
8.12	1.206777
8.125	1.2112067
8.13	1.215641
8.135	1.2200796
8.14	1.2245226
8.145	1.2289699
8.15	1.2334213
8.155	1.2378769
8.16	1.2423366
8.165	1.2468003
8.17	1.2512679
8.175	1.2557394
8.18	1.2602146
8.185	1.2646936
8.19	1.2691762
8.195	1.2736624
8.2	1.2781522
8.205	1.2826453
8.21	1.2871419
8.215	1.2916418
8.22	1.2961449
8.225	1.3006511
8.23	1.3051605
8.235	1.3096729
8.24	1.3141883
8.245	1.3187066
8.25	1.3232277
8.255	1.3277516
8.26	1.3322781
8.265	1.3368073
8.27	1.3413391
8.275	1.3458734
8.28	1.35041
8.285	1.3549491
8.29	1.3594904
8.295	1.364034
8.3	1.3685797
8.305	1.3731276
8.31	1.3776774
8.315	1.3822292
8.32	1.3867829
8.325	1.3913385
8.33	1.3958958
8.335	1.4004548
8.34	1.4050154
8.345	1.4095776
8.35	1.4141413
8.355	1.4187065
8.36	1.423273
8.365	1.4278408
8.37	1.4324099
8.375	1.4369801
8.38	1.4415515
8.385	1.4461238
8.39	1.4506972
8.395	1.4552715
8.4	1.4598467
8.405	1.4644226
8.41	1.4689993
8.415	1.4735767
8.42	1.4781546
8.425	1.4827331
8.43	1.487312
8.435	1.4918914
8.44	1.4964711
8.445	1.5010511
8.45	1.5056313
8.455	1.5102117
8.46	1.5147922
8.465	1.5193727
8.47	1.5239531
8.475	1.5285335
8.48	1.5331138
8.485	1.5376938
8.49	1.5422735
8.495	1.546853
8.5	1.551432
8.505	1.5560105
8.51	1.5605886
8.515	1.565166
8.52	1.5697429
8.525	1.574319
8.53	1.5788943
8.535	1.5834688
8.54	1.5880425
8.545	1.5926152
8.55	1.5971869
8.555	1.6017575
8.56	1.606327
8.565	1.6108954
8.57	1.6154625
8.575	1.6200283
8.58	1.6245927
8.585	1.6291557
8.59	1.6337173
8.595	1.6382773
8.6	1.6428357
8.605	1.6473924
8.61	1.6519475
8.615	1.6565008
8.62	1.6610522
8.625	1.6656018
8.63	1.6701494
8.635	1.6746951
8.64	1.6792386
8.645	1.6837801
8.65	1.6883194
8.655	1.6928565
8.66	1.6973913
8.665	1.7019237
8.67	1.7064538
8.675	1.7109814
8.68	1.7155065
8.685	1.720029
8.69	1.7245489
8.695	1.7290662
8.7	1.7335807
8.705	1.7380924
8.71	1.7426013
8.715	1.7471073
8.72	1.7516104
8.725	1.7561104
8.73	1.7606074
8.735	1.7651013
8.74	1.769592
8.745	1.7740795
8.75	1.7785638
8.755	1.7830447
8.76	1.7875222
8.765	1.7919963
8.77	1.7964669
8.775	1.800934
8.78	1.8053975
8.785	1.8098573
8.79	1.8143134
8.795	1.8187658
8.8	1.8232144
8.805	1.8276592
8.81	1.8321
8.815	1.8365369
8.82	1.8409698
8.825	1.8453986
8.83	1.8498233
8.835	1.8542438
8.84	1.8586602
8.845	1.8630723
8.85	1.8674801
8.855	1.8718835
8.86	1.8762825
8.865	1.880677
8.87	1.8850671
8.875	1.8894525
8.88	1.8938334
8.885	1.8982096
8.89	1.9025811
8.895	1.9069479
8.9	1.9113098
8.905	1.9156669
8.91	1.9200191
8.915	1.9243664
8.92	1.9287086
8.925	1.9330458
8.93	1.9373779
8.935	1.9417049
8.94	1.9460267
8.945	1.9503433
8.95	1.9546546
8.955	1.9589605
8.96	1.9632611
8.965	1.9675563
8.97	1.9718459
8.975	1.9761301
8.98	1.9804088
8.985	1.9846818
8.99	1.9889492
8.995	1.9932109
9	1.9974668
9.005	2.001717
9.01	2.0059613
9.015	2.0101998
9.02	2.0144323
9.025	2.0186589
9.03	2.0228795
9.035	2.027094
9.04	2.0313025
9.045	2.0355048
9.05	2.0397009
9.055	2.0438908
9.06	2.0480745
9.065	2.0522518
9.07	2.0564228
9.075	2.0605874
9.08	2.0647456
9.085	2.0688972
9.09	2.0730424
9.095	2.077181
9.1	2.081313
9.105	2.0854384
9.11	2.0895571
9.115	2.093669
9.12	2.0977742
9.125	2.1018726
9.13	2.1059641
9.135	2.1100488
9.14	2.1141265
9.145	2.1181973
9.15	2.122261
9.155	2.1263177
9.16	2.1303673
9.165	2.1344098
9.17	2.1384452
9.175	2.1424733
9.18	2.1464942
9.185	2.1505078
9.19	2.1545141
9.195	2.1585131
9.2	2.1625046
9.205	2.1664888
9.21	2.1704654
9.215	2.1744346
9.22	2.1783962
9.225	2.1823502
9.23	2.1862967
9.235	2.1902354
9.24	2.1941665
9.245	2.1980899
9.25	2.2020055
9.255	2.2059133
9.26	2.2098133
9.265	2.2137054
9.27	2.2175896
9.275	2.2214659
9.28	2.2253342
9.285	2.2291945
9.29	2.2330467
9.295	2.2368909
9.3	2.240727
9.305	2.2445549
9.31	2.2483746
9.315	2.2521862
9.32	2.2559895
9.325	2.2597845
9.33	2.2635712
9.335	2.2673496
9.34	2.2711196
9.345	2.2748812
9.35	2.2786343
9.355	2.282379
9.36	2.2861152
9.365	2.2898428
9.37	2.2935619
9.375	2.2972724
9.38	2.3009743
9.385	2.3046674
9.39	2.3083519
9.395	2.3120277
9.4	2.3156948
9.405	2.319353
9.41	2.3230024
9.415	2.326643
9.42	2.3302748
9.425	2.3338976
9.43	2.3375115
9.435	2.3411164
9.44	2.3447124
9.445	2.3482993
9.45	2.3518772
9.455	2.355446
9.46	2.3590057
9.465	2.3625563
9.47	2.3660978
9.475	2.36963
9.48	2.373153
9.485	2.3766668
9.49	2.3801714
9.495	2.3836666
9.5	2.3871525
9.505	2.3906291
9.51	2.3940963
9.515	2.3975541
9.52	2.4010025
9.525	2.4044414
9.53	2.4078709
9.535	2.4112908
9.54	2.4147013
9.545	2.4181022
9.55	2.4214935
9.555	2.4248752
9.56	2.4282472
9.565	2.4316097
9.57	2.4349624
9.575	2.4383055
9.58	2.4416388
9.585	2.4449624
9.59	2.4482763
9.595	2.4515803
9.6	2.4548746
9.605	2.4581589
9.61	2.4614335
9.615	2.4646981
9.62	2.4679529
9.625	2.4711977
9.63	2.4744326
9.635	2.4776575
9.64	2.4808724
9.645	2.4840774
9.65	2.4872722
9.655	2.4904571
9.66	2.4936318
9.665	2.4967965
9.67	2.499951
9.675	2.5030954
9.68	2.5062297
9.685	2.5093538
9.69	2.5124677
9.695	2.5155713
9.7	2.5186648
9.705	2.521748
9.71	2.5248209
9.715	2.5278835
9.72	2.5309358
9.725	2.5339778
9.73	2.5370095
9.735	2.5400307
9.74	2.5430416
9.745	2.5460422
9.75	2.5490322
9.755	2.5520119
9.76	2.5549811
9.765	2.5579398
9.77	2.5608881
9.775	2.5638258
9.78	2.5667531
9.785	2.5696698
9.79	2.5725759
9.795	2.5754715
9.8	2.5783565
9.805	2.581231
9.81	2.5840948
9.815	2.5869479
9.82	2.5897905
9.825	2.5926223
9.83	2.5954435
9.835	2.5982541
9.84	2.6010539
9.845	2.603843
9.85	2.6066214
9.855	2.609389
9.86	2.6121459
9.865	2.614892
9.87	2.6176273
9.875	2.6203519
9.88	2.6230656
9.885	2.6257685
9.89	2.6284606
9.895	2.6311418
9.9	2.6338122
9.905	2.6364717
9.91	2.6391204
9.915	2.6417581
9.92	2.6443849
9.925	2.6470009
9.93	2.6496058
9.935	2.6521999
9.94	2.654783
9.945	2.6573552
9.95	2.6599163
9.955	2.6624665
9.96	2.6650057
9.965	2.667534
9.97	2.6700512
9.975	2.6725573
9.98	2.6750525
9.985	2.6775366
9.99	2.6800097
9.995	2.6824717
10	2.6849227
10.005	2.6873626
10.01	2.6897914
10.015	2.6922091
10.02	2.6946157
10.025	2.6970112
10.03	2.6993956
10.035	2.7017689
10.04	2.7041311
10.045	2.7064821
10.05	2.708822
10.055	2.7111507
10.06	2.7134683
10.065	2.7157747
10.07	2.7180699
10.075	2.720354
10.08	2.7226269
10.085	2.7248886
10.09	2.7271391
10.095	2.7293784
10.1	2.7316065
10.105	2.7338235
10.11	2.7360292
10.115	2.7382236
10.12	2.7404069
10.125	2.7425789
10.13	2.7447397
10.135	2.7468893
10.14	2.7490276
10.145	2.7511547
10.15	2.7532705
10.155	2.7553751
10.16	2.7574684
10.165	2.7595505
10.17	2.7616213
10.175	2.7636808
10.18	2.7657291
10.185	2.7677661
10.19	2.7697919
10.195	2.7718063
10.2	2.7738095
10.205	2.7758014
10.21	2.7777821
10.215	2.7797514
10.22	2.7817095
10.225	2.7836563
10.23	2.7855918
10.235	2.787516
10.24	2.7894289
10.245	2.7913305
10.25	2.7932209
10.255	2.7950999
10.26	2.7969677
10.265	2.7988242
10.27	2.8006694
10.275	2.8025033
10.28	2.8043259
10.285	2.8061372
10.29	2.8079372
10.295	2.809726
10.3	2.8115035
10.305	2.8132696
10.31	2.8150245
10.315	2.8167681
10.32	2.8185005
10.325	2.8202215
10.33	2.8219313
10.335	2.8236298
10.34	2.825317
10.345	2.8269929
10.35	2.8286576
10.355	2.830311
10.36	2.8319532
10.365	2.8335841
10.37	2.8352037
10.375	2.8368121
10.38	2.8384092
10.385	2.8399951
10.39	2.8415697
10.395	2.8431331
10.4	2.8446853
10.405	2.8462262
10.41	2.8477559
10.415	2.8492744
10.42	2.8507817
10.425	2.8522777
10.43	2.8537625
10.435	2.8552362
10.44	2.8566986
10.445	2.8581498
10.45	2.8595899
10.455	2.8610187
10.46	2.8624364
10.465	2.8638429
10.47	2.8652382
10.475	2.8666224
10.48	2.8679954
10.485	2.8693573
10.49	2.870708
10.495	2.8720476
10.5	2.8733761
10.505	2.8746935
10.51	2.8759997
10.515	2.8772948
10.52	2.8785788
10.525	2.8798518
10.53	2.8811136
10.535	2.8823644
10.54	2.8836041
10.545	2.8848327
10.55	2.8860503
10.555	2.8872568
10.56	2.8884523
10.565	2.8896367
10.57	2.8908102
10.575	2.8919726
10.58	2.893124
10.585	2.8942645
10.59	2.8953939
10.595	2.8965124
10.6	2.8976199
10.605	2.8987164
10.61	2.899802
10.615	2.9008766
10.62	2.9019404
10.625	2.9029932
10.63	2.9040351
10.635	2.9050661
10.64	2.9060862
10.645	2.9070954
10.65	2.9080938
10.655	2.9090813
10.66	2.9100579
10.665	2.9110238
10.67	2.9119788
10.675	2.912923
10.68	2.9138564
10.685	2.914779
10.69	2.9156908
10.695	2.9165919
10.7	2.9174822
10.705	2.9183617
10.71	2.9192306
10.715	2.9200887
10.72	2.9209361
10.725	2.9217728
10.73	2.9225988
10.735	2.9234142
10.74	2.9242189
10.745	2.925013
10.75	2.9257964
10.755	2.9265692
10.76	2.9273314
10.765	2.928083
10.77	2.9288241
10.775	2.9295546
10.78	2.9302745
10.785	2.9309839
10.79	2.9316828
10.795	2.9323712
10.8	2.933049
10.805	2.9337164
10.81	2.9343734
10.815	2.9350198
10.82	2.9356559
10.825	2.9362815
10.83	2.9368967
10.835	2.9375015
10.84	2.938096
10.845	2.9386801
10.85	2.9392538
10.855	2.9398172
10.86	2.9403703
10.865	2.9409131
10.87	2.9414456
10.875	2.9419678
10.88	2.9424798
10.885	2.9429816
10.89	2.9434731
10.895	2.9439544
10.9	2.9444255
10.905	2.9448865
10.91	2.9453373
10.915	2.9457779
10.92	2.9462085
10.925	2.9466289
10.93	2.9470393
10.935	2.9474395
10.94	2.9478297
10.945	2.9482099
10.95	2.9485801
10.955	2.9489402
10.96	2.9492904
10.965	2.9496306
10.97	2.9499608
10.975	2.9502812
10.98	2.9505915
10.985	2.950892
10.99	2.9511827
10.995	2.9514634
11	2.9517343
11.005	2.9519954
11.01	2.9522467
11.015	2.9524882
11.02	2.9527199
11.025	2.9529419
11.03	2.9531542
11.035	2.9533567
11.04	2.9535495
11.045	2.9537327
11.05	2.9539062
11.055	2.9540701
11.06	2.9542243
11.065	2.9543689
11.07	2.954504
11.075	2.9546295
11.08	2.9547455
11.085	2.954852
11.09	2.9549489
11.095	2.9550364
11.1	2.9551144
11.105	2.955183
11.11	2.9552421
11.115	2.9552919
11.12	2.9553322
11.125	2.9553632
11.13	2.9553849
11.135	2.9553973
11.14	2.9554003
11.145	2.9553941
11.15	2.9553786
11.155	2.9553539
11.16	2.95532
11.165	2.9552769
11.17	2.9552246
11.175	2.9551631
11.18	2.9550925
11.185	2.9550129
11.19	2.9549241
11.195	2.9548263
11.2	2.9547194
11.205	2.9546035
11.21	2.9544786
11.215	2.9543447
11.22	2.9542018
11.225	2.9540501
11.23	2.9538894
11.235	2.9537198
11.24	2.9535413
11.245	2.953354
11.25	2.9531579
11.255	2.952953
11.26	2.9527393
11.265	2.9525168
11.27	2.9522856
11.275	2.9520457
11.28	2.9517971
11.285	2.9515399
11.29	2.951274
11.295	2.9509994
11.3	2.9507163
11.305	2.9504246
11.31	2.9501244
11.315	2.9498156
11.32	2.9494983
11.325	2.9491725
11.33	2.9488383
11.335	2.9484956
11.34	2.9481445
11.345	2.9477851
11.35	2.9474172
11.355	2.9470411
11.36	2.9466566
11.365	2.9462638
11.37	2.9458627
11.375	2.9454534
11.38	2.9450359
11.385	2.9446102
11.39	2.9441763
11.395	2.9437342
11.4	2.9432841
11.405	2.9428258
11.41	2.9423594
11.415	2.941885
11.42	2.9414026
11.425	2.9409122
11.43	2.9404138
11.435	2.9399074
11.44	2.9393931
11.445	2.9388709
11.45	2.9383408
11.455	2.9378028
11.46	2.9372571
11.465	2.9367035
11.47	2.9361421
11.475	2.935573
11.48	2.9349961
11.485	2.9344116
11.49	2.9338193
11.495	2.9332194
11.5	2.9326119
11.505	2.9319968
11.51	2.9313741
11.515	2.9307438
11.52	2.930106
11.525	2.9294607
11.53	2.9288079
11.535	2.9281476
11.54	2.92748
11.545	2.9268049
11.55	2.9261225
11.555	2.9254327
11.56	2.9247356
11.565	2.9240311
11.57	2.9233194
11.575	2.9226005
11.58	2.9218743
11.585	2.921141
11.59	2.9204005
11.595	2.9196528
11.6	2.918898
11.605	2.9181361
11.61	2.9173672
11.615	2.9165912
11.62	2.9158082
11.625	2.9150182
11.63	2.9142213
11.635	2.9134174
11.64	2.9126066
11.645	2.9117889
11.65	2.9109644
11.655	2.9101331
11.66	2.9092949
11.665	2.90845
11.67	2.9075983
11.675	2.9067399
11.68	2.9058748
11.685	2.905003
11.69	2.9041246
11.695	2.9032396
11.7	2.902348
11.705	2.9014498
11.71	2.9005451
11.715	2.8996339
11.72	2.8987162
11.725	2.8977921
11.73	2.8968615
11.735	2.8959245
11.74	2.8949812
11.745	2.8940315
11.75	2.8930754
11.755	2.8921131
11.76	2.8911446
11.765	2.8901697
11.77	2.8891887
11.775	2.8882015
11.78	2.8872081
11.785	2.8862087
11.79	2.8852031
11.795	2.8841914
11.8	2.8831737
11.805	2.8821499
11.81	2.8811202
11.815	2.8800845
11.82	2.8790428
11.825	2.8779953
11.83	2.8769419
11.835	2.8758826
11.84	2.8748175
11.845	2.8737465
11.85	2.8726698
11.855	2.8715874
11.86	2.8704992
11.865	2.8694054
11.87	2.8683059
11.875	2.8672007
11.88	2.86609
11.885	2.8649736
11.89	2.8638517
11.895	2.8627243
11.9	2.8615914
11.905	2.860453
11.91	2.8593091
11.915	2.8581599
11.92	2.8570053
11.925	2.8558453
11.93	2.8546799
11.935	2.8535093
11.94	2.8523334
11.945	2.8511522
11.95	2.8499658
11.955	2.8487742
11.96	2.8475775
11.965	2.8463756
11.97	2.8451686
11.975	2.8439565
11.98	2.8427394
11.985	2.8415172
11.99	2.8402901
11.995	2.8390579
12	2.8378209
12.005	2.8365789
12.01	2.835332
12.015	2.8340802
12.02	2.8328237
12.025	2.8315623
12.03	2.8302961
12.035	2.8290252
12.04	2.8277496
12.045	2.8264693
12.05	2.8251843
12.055	2.8238947
12.06	2.8226004
12.065	2.8213016
12.07	2.8199982
12.075	2.8186903
12.08	2.8173779
12.085	2.8160611
12.09	2.8147397
12.095	2.813414
12.1	2.8120839
12.105	2.8107494
12.11	2.8094106
12.115	2.8080675
12.12	2.8067201
12.125	2.8053685
12.13	2.8040126
12.135	2.8026525
12.14	2.8012883
12.145	2.79992
12.15	2.7985475
12.155	2.797171
12.16	2.7957904
12.165	2.7944057
12.17	2.7930171
12.175	2.7916245
12.18	2.790228
12.185	2.7888275
12.19	2.7874232
12.195	2.786015
12.2	2.7846029
12.205	2.7831871
12.21	2.7817675
12.215	2.7803441
12.22	2.778917
12.225	2.7774862
12.23	2.7760518
12.235	2.7746137
12.24	2.773172
12.245	2.7717267
12.25	2.7702779
12.255	2.7688255
12.26	2.7673696
12.265	2.7659103
12.27	2.7644475
12.275	2.7629813
12.28	2.7615117
12.285	2.7600388
12.29	2.7585625
12.295	2.7570829
12.3	2.7556
12.305	2.7541139
12.31	2.7526245
12.315	2.7511319
12.32	2.7496362
12.325	2.7481373
12.33	2.7466353
12.335	2.7451303
12.34	2.7436221
12.345	2.7421109
12.35	2.7405968
12.355	2.7390796
12.36	2.7375595
12.365	2.7360364
12.37	2.7345105
12.375	2.7329817
12.38	2.73145
12.385	2.7299155
12.39	2.7283783
12.395	2.7268383
12.4	2.7252955
12.405	2.72375
12.41	2.7222019
12.415	2.7206511
12.42	2.7190976
12.425	2.7175416
12.43	2.715983
12.435	2.7144218
12.44	2.7128581
12.445	2.711292
12.45	2.7097233
12.455	2.7081522
12.46	2.7065787
12.465	2.7050029
12.47	2.7034246
12.475	2.7018441
12.48	2.7002612
12.485	2.698676
12.49	2.6970886
12.495	2.695499
12.5	2.6939071
12.505	2.6923131
12.51	2.6907169
12.515	2.6891187
12.52	2.6875183
12.525	2.6859158
12.53	2.6843113
12.535	2.6827048
12.54	2.6810963
12.545	2.6794859
12.55	2.6778735
12.555	2.6762592
12.56	2.674643
12.565	2.6730249
12.57	2.6714051
12.575	2.6697834
12.58	2.6681599
12.585	2.6665347
12.59	2.6649077
12.595	2.6632791
12.6	2.6616488
12.605	2.6600168
12.61	2.6583832
12.615	2.656748
12.62	2.6551112
12.625	2.6534729
12.63	2.651833
12.635	2.6501917
12.64	2.6485489
12.645	2.6469046
12.65	2.6452589
12.655	2.6436119
12.66	2.6419634
12.665	2.6403136
12.67	2.6386625
12.675	2.6370101
12.68	2.6353565
12.685	2.6337016
12.69	2.6320454
12.695	2.6303881
12.7	2.6287296
12.705	2.62707
12.71	2.6254093
12.715	2.6237474
12.72	2.6220845
12.725	2.6204206
12.73	2.6187556
12.735	2.6170897
12.74	2.6154228
12.745	2.6137549
12.75	2.6120861
12.755	2.6104165
12.76	2.6087459
12.765	2.6070745
12.77	2.6054023
12.775	2.6037293
12.78	2.6020556
12.785	2.6003811
12.79	2.5987058
12.795	2.5970299
12.8	2.5953533
12.805	2.593676
12.81	2.5919981
12.815	2.5903197
12.82	2.5886406
12.825	2.586961
12.83	2.5852809
12.835	2.5836002
12.84	2.5819191
12.845	2.5802375
12.85	2.5785555
12.855	2.5768731
12.86	2.5751903
12.865	2.5735071
12.87	2.5718236
12.875	2.5701398
12.88	2.5684557
12.885	2.5667713
12.89	2.5650867
12.895	2.5634018
12.9	2.5617168
12.905	2.5600316
12.91	2.5583462
12.915	2.5566607
12.92	2.5549751
12.925	2.5532894
12.93	2.5516037
12.935	2.5499179
12.94	2.5482321
12.945	2.5465464
12.95	2.5448606
12.955	2.5431749
12.96	2.5414893
12.965	2.5398038
12.97	2.5381184
12.975	2.5364332
12.98	2.5347481
12.985	2.5330633
12.99	2.5313786
12.995	2.5296942
13	2.52801
13.005	2.5263261
13.01	2.5246425
13.015	2.5229593
13.02	2.5212764
13.025	2.5195938
13.03	2.5179117
13.035	2.51623
13.04	2.5145487
13.045	2.5128678
13.05	2.5111875
13.055	2.5095076
13.06	2.5078282
13.065	2.5061495
13.07	2.5044712
13.075	2.5027936
13.08	2.5011165
13.085	2.4994401
13.09	2.4977644
13.095	2.4960893
13.1	2.4944149
13.105	2.4927412
13.11	2.4910683
13.115	2.4893961
13.12	2.4877247
13.125	2.4860541
13.13	2.4843843
13.135	2.4827153
13.14	2.4810472
13.145	2.47938
13.15	2.4777137
13.155	2.4760484
13.16	2.4743839
13.165	2.4727204
13.17	2.471058
13.175	2.4693965
13.18	2.467736
13.185	2.4660766
13.19	2.4644182
13.195	2.462761
13.2	2.4611048
13.205	2.4594498
13.21	2.4577959
13.215	2.4561432
13.22	2.4544916
13.225	2.4528413
13.23	2.4511922
13.235	2.4495443
13.24	2.4478977
13.245	2.4462524
13.25	2.4446084
13.255	2.4429657
13.26	2.4413243
13.265	2.4396843
13.27	2.4380457
13.275	2.4364085
13.28	2.4347727
13.285	2.4331384
13.29	2.4315055
13.295	2.429874
13.3	2.4282441
13.305	2.4266157
13.31	2.4249888
13.315	2.4233634
13.32	2.4217397
13.325	2.4201175
13.33	2.4184969
13.335	2.4168779
13.34	2.4152606
13.345	2.413645
13.35	2.412031
13.355	2.4104187
13.36	2.4088081
13.365	2.4071993
13.37	2.4055922
13.375	2.4039869
13.38	2.4023834
13.385	2.4007816
13.39	2.3991817
13.395	2.3975837
13.4	2.3959875
13.405	2.3943931
13.41	2.3928007
13.415	2.3912101
13.42	2.3896215
13.425	2.3880349
13.43	2.3864502
13.435	2.3848674
13.44	2.3832867
13.445	2.381708
13.45	2.3801313
13.455	2.3785567
13.46	2.3769841
13.465	2.3754136
13.47	2.3738452
13.475	2.3722789
13.48	2.3707147
13.485	2.3691527
13.49	2.3675928
13.495	2.3660352
13.5	2.3644797
13.505	2.3629264
13.51	2.3613754
13.515	2.3598266
13.52	2.35828
13.525	2.3567357
13.53	2.3551938
13.535	2.3536541
13.54	2.3521167
13.545	2.3505817
13.55	2.3490491
13.555	2.3475188
13.56	2.3459909
13.565	2.3444653
13.57	2.3429423
13.575	2.3414216
13.58	2.3399034
13.585	2.3383876
13.59	2.3368743
13.595	2.3353635
13.6	2.3338553
13.605	2.3323495
13.61	2.3308463
13.615	2.3293456
13.62	2.3278475
13.625	2.3263519
13.63	2.324859
13.635	2.3233686
13.64	2.3218809
13.645	2.3203959
13.65	2.3189134
13.655	2.3174337
13.66	2.3159566
13.665	2.3144822
13.67	2.3130105
13.675	2.3115416
13.68	2.3100753
13.685	2.3086119
13.69	2.3071512
13.695	2.3056932
13.7	2.3042381
13.705	2.3027857
13.71	2.3013362
13.715	2.2998895
13.72	2.2984457
13.725	2.2970047
13.73	2.2955665
13.735	2.2941313
13.74	2.2926989
13.745	2.2912695
13.75	2.289843
13.755	2.2884194
13.76	2.2869988
13.765	2.2855811
13.77	2.2841664
13.775	2.2827547
13.78	2.281346
13.785	2.2799402
13.79	2.2785376
13.795	2.2771379
13.8	2.2757413
13.805	2.2743478
13.81	2.2729573
13.815	2.2715699
13.82	2.2701856
13.825	2.2688044
13.83	2.2674263
13.835	2.2660514
13.84	2.2646796
13.845	2.2633109
13.85	2.2619454
13.855	2.2605831
13.86	2.259224
13.865	2.2578681
13.87	2.2565154
13.875	2.2551659
13.88	2.2538197
13.885	2.2524766
13.89	2.2511369
13.895	2.2498004
13.9	2.2484672
13.905	2.2471373
13.91	2.2458106
13.915	2.2444873
13.92	2.2431673
13.925	2.2418506
13.93	2.2405373
13.935	2.2392273
13.94	2.2379207
13.945	2.2366175
13.95	2.2353176
13.955	2.2340211
13.96	2.232728
13.965	2.2314384
13.97	2.2301521
13.975	2.2288693
13.98	2.22759
13.985	2.226314
13.99	2.2250416
13.995	2.2237726
14	2.2225071
14.005	2.221245
14.01	2.2199865
14.015	2.2187315
14.02	2.21748
14.025	2.216232
14.03	2.2149875
14.035	2.2137466
14.04	2.2125093
14.045	2.2112755
14.05	2.2100453
14.055	2.2088186
14.06	2.2075956
14.065	2.2063761
14.07	2.2051603
14.075	2.203948
14.08	2.2027394
14.085	2.2015344
14.09	2.200333
14.095	2.1991353
14.1	2.1979413
14.105	2.1967509
14.11	2.1955641
14.115	2.1943811
14.12	2.1932017
14.125	2.192026
14.13	2.1908541
14.135	2.1896858
14.14	2.1885213
14.145	2.1873604
14.15	2.1862033
14.155	2.18505
14.16	2.1839004
14.165	2.1827545
14.17	2.1816124
14.175	2.1804741
14.18	2.1793396
14.185	2.1782088
14.19	2.1770818
14.195	2.1759586
14.2	2.1748392
14.205	2.1737236
14.21	2.1726119
14.215	2.1715039
14.22	2.1703998
14.225	2.1692995
14.23	2.1682031
14.235	2.1671105
14.24	2.1660217
14.245	2.1649369
14.25	2.1638558
14.255	2.1627787
14.26	2.1617054
14.265	2.160636
14.27	2.1595705
14.275	2.1585089
14.28	2.1574512
14.285	2.1563975
14.29	2.1553476
14.295	2.1543016
14.3	2.1532596
14.305	2.1522215
14.31	2.1511873
14.315	2.150157
14.32	2.1491307
14.325	2.1481084
14.33	2.14709
14.335	2.1460756
14.34	2.1450651
14.345	2.1440586
14.35	2.143056
14.355	2.1420575
14.36	2.1410629
14.365	2.1400723
14.37	2.1390858
14.375	2.1381032
14.38	2.1371246
14.385	2.13615
14.39	2.1351794
14.395	2.1342129
14.4	2.1332503
14.405	2.1322918
14.41	2.1313373
14.415	2.1303868
14.42	2.1294404
14.425	2.128498
14.43	2.1275596
14.435	2.1266253
14.44	2.1256951
14.445	2.1247689
14.45	2.1238467
14.455	2.1229286
14.46	2.1220146
14.465	2.1211046
14.47	2.1201987
14.475	2.1192969
14.48	2.1183992
14.485	2.1175055
14.49	2.1166159
14.495	2.1157304
14.5	2.114849
14.505	2.1139717
14.51	2.1130985
14.515	2.1122293
14.52	2.1113643
14.525	2.1105034
14.53	2.1096465
14.535	2.1087938
14.54	2.1079452
14.545	2.1071007
14.55	2.1062603
14.555	2.105424
14.56	2.1045919
14.565	2.1037638
14.57	2.1029399
14.575	2.1021201
14.58	2.1013044
14.585	2.1004929
14.59	2.0996855
14.595	2.0988822
14.6	2.0980831
14.605	2.097288
14.61	2.0964972
14.615	2.0957104
14.62	2.0949278
14.625	2.0941494
14.63	2.093375
14.635	2.0926049
14.64	2.0918388
14.645	2.0910769
14.65	2.0903192
14.655	2.0895656
14.66	2.0888161
14.665	2.0880708
14.67	2.0873297
14.675	2.0865927
14.68	2.0858598
14.685	2.0851311
14.69	2.0844066
14.695	2.0836862
14.7	2.08297
14.705	2.0822579
14.71	2.08155
14.715	2.0808462
14.72	2.0801466
14.725	2.0794511
14.73	2.0787598
14.735	2.0780726
14.74	2.0773896
14.745	2.0767108
14.75	2.0760361
14.755	2.0753656
14.76	2.0746992
14.765	2.074037
14.77	2.0733789
14.775	2.072725
14.78	2.0720752
14.785	2.0714296
14.79	2.0707882
14.795	2.0701509
14.8	2.0695177
14.805	2.0688887
14.81	2.0682639
14.815	2.0676432
14.82	2.0670266
14.825	2.0664142
14.83	2.065806
14.835	2.0652019
14.84	2.0646019
14.845	2.0640061
14.85	2.0634144
14.855	2.0628269
14.86	2.0622435
14.865	2.0616642
14.87	2.0610891
14.875	2.0605181
14.88	2.0599513
14.885	2.0593885
14.89	2.05883
14.895	2.0582755
14.9	2.0577252
14.905	2.057179
14.91	2.0566369
14.915	2.0560989
14.92	2.0555651
14.925	2.0550354
14.93	2.0545098
14.935	2.0539883
14.94	2.0534709
14.945	2.0529576
14.95	2.0524485
14.955	2.0519434
14.96	2.0514425
14.965	2.0509456
14.97	2.0504529
14.975	2.0499642
14.98	2.0494797
14.985	2.0489992
14.99	2.0485228
14.995	2.0480505
15	2.0475823
15.005	2.0471182
15.01	2.0466581
15.015	2.0462022
15.02	2.0457503
15.025	2.0453024
15.03	2.0448586
15.035	2.0444189
15.04	2.0439833
15.045	2.0435517
15.05	2.0431242
15.055	2.0427007
15.06	2.0422812
15.065	2.0418658
15.07	2.0414545
15.075	2.0410471
15.08	2.0406439
15.085	2.0402446
15.09	2.0398494
15.095	2.0394582
15.1	2.039071
15.105	2.0386878
15.11	2.0383086
15.115	2.0379335
15.12	2.0375623
15.125	2.0371951
15.13	2.036832
15.135	2.0364728
15.14	2.0361176
15.145	2.0357664
15.15	2.0354192
15.155	2.035076
15.16	2.0347367
15.165	2.0344014
15.17	2.03407
15.175	2.0337427
15.18	2.0334192
15.185	2.0330997
15.19	2.0327842
15.195	2.0324726
15.2	2.0321649
15.205	2.0318612
15.21	2.0315614
15.215	2.0312655
15.22	2.0309736
15.225	2.0306855
15.23	2.0304014
15.235	2.0301211
15.24	2.0298448
15.245	2.0295723
15.25	2.0293038
15.255	2.0290391
15.26	2.0287783
15.265	2.0285213
15.27	2.0282683
15.275	2.0280191
15.28	2.0277737
15.285	2.0275322
15.29	2.0272946
15.295	2.0270608
15.3	2.0268308
15.305	2.0266047
15.31	2.0263823
15.315	2.0261638
15.32	2.0259492
15.325	2.0257383
15.33	2.0255312
15.335	2.0253279
15.34	2.0251284
15.345	2.0249327
15.35	2.0247408
15.355	2.0245527
15.36	2.0243683
15.365	2.0241877
15.37	2.0240108
15.375	2.0238377
15.38	2.0236683
15.385	2.0235027
15.39	2.0233408
15.395	2.0231826
15.4	2.0230282
15.405	2.0228774
15.41	2.0227304
15.415	2.022587
15.42	2.0224474
15.425	2.0223114
15.43	2.0221792
15.435	2.0220506
15.44	2.0219257
15.445	2.0218044
15.45	2.0216868
15.455	2.0215728
15.46	2.0214625
15.465	2.0213558
15.47	2.0212528
15.475	2.0211533
15.48	2.0210575
15.485	2.0209653
15.49	2.0208767
15.495	2.0207917
15.5	2.0207103
15.505	2.0206324
15.51	2.0205582
15.515	2.0204875
15.52	2.0204203
15.525	2.0203568
15.53	2.0202967
15.535	2.0202402
15.54	2.0201873
15.545	2.0201378
15.55	2.0200919
15.555	2.0200495
15.56	2.0200106
15.565	2.0199752
15.57	2.0199433
15.575	2.0199148
15.58	2.0198898
15.585	2.0198683
15.59	2.0198503
15.595	2.0198357
15.6	2.0198246
15.605	2.0198169
15.61	2.0198126
15.615	2.0198117
15.62	2.0198143
15.625	2.0198203
15.63	2.0198296
15.635	2.0198424
15.64	2.0198585
15.645	2.019878
15.65	2.0199009
15.655	2.0199271
15.66	2.0199567
15.665	2.0199897
15.67	2.0200259
15.675	2.0200655
15.68	2.0201085
15.685	2.0201547
15.69	2.0202042
15.695	2.0202571
15.7	2.0203132
15.705	2.0203726
15.71	2.0204353
15.715	2.0205012
15.72	2.0205704
15.725	2.0206428
15.73	2.0207185
15.735	2.0207974
15.74	2.0208796
15.745	2.0209649
15.75	2.0210535
15.755	2.0211452
15.76	2.0212402
15.765	2.0213383
15.77	2.0214396
15.775	2.021544
15.78	2.0216517
15.785	2.0217624
15.79	2.0218763
15.795	2.0219933
15.8	2.0221135
15.805	2.0222368
15.81	2.0223631
15.815	2.0224926
15.82	2.0226251
15.825	2.0227608
15.83	2.0228995
15.835	2.0230412
15.84	2.023186
15.845	2.0233339
15.85	2.0234848
15.855	2.0236387
15.86	2.0237956
15.865	2.0239556
15.87	2.0241185
15.875	2.0242844
15.88	2.0244533
15.885	2.0246252
15.89	2.0248001
15.895	2.0249779
15.9	2.0251586
15.905	2.0253423
15.91	2.0255289
15.915	2.0257184
15.92	2.0259109
15.925	2.0261062
15.93	2.0263044
15.935	2.0265055
15.94	2.0267095
15.945	2.0269164
15.95	2.0271261
15.955	2.0273386
15.96	2.027554
15.965	2.0277722
15.97	2.0279932
15.975	2.028217
15.98	2.0284437
15.985	2.0286731
15.99	2.0289053
15.995	2.0291403
16	2.029378
16.005	2.0296185
16.01	2.0298617
16.015	2.0301077
16.02	2.0303563
16.025	2.0306077
16.03	2.0308618
16.035	2.0311186
16.04	2.0313781
16.045	2.0316403
16.05	2.0319051
16.055	2.0321726
16.06	2.0324427
16.065	2.0327155
16.07	2.0329909
16.075	2.0332689
16.08	2.0335495
16.085	2.0338328
16.09	2.0341186
16.095	2.034407
16.1	2.034698
16.105	2.0349915
16.11	2.0352876
16.115	2.0355862
16.12	2.0358873
16.125	2.036191
16.13	2.0364972
16.135	2.0368059
16.14	2.0371171
16.145	2.0374308
16.15	2.0377469
16.155	2.0380655
16.16	2.0383866
16.165	2.0387101
16.17	2.039036
16.175	2.0393644
16.18	2.0396951
16.185	2.0400283
16.19	2.0403639
16.195	2.0407018
16.2	2.0410422
16.205	2.0413849
16.21	2.0417299
16.215	2.0420773
16.22	2.0424271
16.225	2.0427791
16.23	2.0431335
16.235	2.0434902
16.24	2.0438492
16.245	2.0442104
16.25	2.044574
16.255	2.0449398
16.26	2.0453078
16.265	2.0456781
16.27	2.0460506
16.275	2.0464254
16.28	2.0468024
16.285	2.0471816
16.29	2.0475629
16.295	2.0479465
16.3	2.0483322
16.305	2.0487202
16.31	2.0491102
16.315	2.0495024
16.32	2.0498967
16.325	2.0502932
16.33	2.0506918
16.335	2.0510925
16.34	2.0514952
16.345	2.0519001
16.35	2.052307
16.355	2.052716
16.36	2.0531271
16.365	2.0535402
16.37	2.0539553
16.375	2.0543724
16.38	2.0547916
16.385	2.0552128
16.39	2.0556359
16.395	2.056061
16.4	2.0564882
16.405	2.0569172
16.41	2.0573483
16.415	2.0577812
16.42	2.0582161
16.425	2.0586529
16.43	2.0590917
16.435	2.0595323
16.44	2.0599748
16.445	2.0604192
16.45	2.0608655
16.455	2.0613136
16.46	2.0617636
16.465	2.0622154
16.47	2.0626691
16.475	2.0631245
16.48	2.0635818
16.485	2.0640409
16.49	2.0645017
16.495	2.0649644
16.5	2.0654288
16.505	2.065895
16.51	2.0663629
16.515	2.0668325
16.52	2.0673039
16.525	2.067777
16.53	2.0682518
16.535	2.0687283
16.54	2.0692065
16.545	2.0696863
16.55	2.0701679
16.555	2.070651
16.56	2.0711359
16.565	2.0716223
16.57	2.0721104
16.575	2.0726001
16.58	2.0730914
16.585	2.0735843
16.59	2.0740788
16.595	2.0745748
16.6	2.0750724
16.605	2.0755716
16.61	2.0760723
16.615	2.0765745
16.62	2.0770783
16.625	2.0775836
16.63	2.0780904
16.635	2.0785986
16.64	2.0791084
16.645	2.0796196
16.65	2.0801323
16.655	2.0806464
16.66	2.081162
16.665	2.081679
16.67	2.0821974
16.675	2.0827172
16.68	2.0832385
16.685	2.0837611
16.69	2.0842851
16.695	2.0848105
16.7	2.0853372
16.705	2.0858653
16.71	2.0863947
16.715	2.0869254
16.72	2.0874575
16.725	2.0879908
16.73	2.0885255
16.735	2.0890615
16.74	2.0895987
16.745	2.0901372
16.75	2.0906769
16.755	2.091218
16.76	2.0917602
16.765	2.0923037
16.77	2.0928483
16.775	2.0933942
16.78	2.0939413
16.785	2.0944896
16.79	2.095039
16.795	2.0955897
16.8	2.0961414
16.805	2.0966944
16.81	2.0972484
16.815	2.0978036
16.82	2.0983599
16.825	2.0989173
16.83	2.0994758
16.835	2.1000354
16.84	2.100596
16.845	2.1011578
16.85	2.1017206
16.855	2.1022844
16.86	2.1028493
16.865	2.1034152
16.87	2.1039821
16.875	2.10455
16.88	2.1051189
16.885	2.1056888
16.89	2.1062597
16.895	2.1068315
16.9	2.1074043
16.905	2.107978
16.91	2.1085527
16.915	2.1091283
16.92	2.1097049
16.925	2.1102823
16.93	2.1108606
16.935	2.1114398
16.94	2.1120199
16.945	2.1126009
16.95	2.1131827
16.955	2.1137654
16.96	2.1143489
16.965	2.1149332
16.97	2.1155184
16.975	2.1161043
16.98	2.1166911
16.985	2.1172787
16.99	2.117867
16.995	2.1184561
17	2.119046
17.005	2.1196366
17.01	2.1202279
17.015	2.12082
17.02	2.1214128
17.025	2.1220064
17.03	2.1226006
17.035	2.1231955
17.04	2.1237911
17.045	2.1243874
17.05	2.1249843
17.055	2.1255819
17.06	2.1261801
17.065	2.126779
17.07	2.1273785
17.075	2.1279786
17.08	2.1285793
17.085	2.1291807
17.09	2.1297826
17.095	2.130385
17.1	2.1309881
17.105	2.1315917
17.11	2.1321959
17.115	2.1328006
17.12	2.1334058
17.125	2.1340116
17.13	2.1346178
17.135	2.1352246
17.14	2.1358319
17.145	2.1364396
17.15	2.1370479
17.155	2.1376566
17.16	2.1382657
17.165	2.1388753
17.17	2.1394853
17.175	2.1400958
17.18	2.1407067
17.185	2.141318
17.19	2.1419297
17.195	2.1425418
17.2	2.1431542
17.205	2.1437671
17.21	2.1443803
17.215	2.1449938
17.22	2.1456077
17.225	2.146222
17.23	2.1468366
17.235	2.1474514
17.24	2.1480666
17.245	2.1486822
17.25	2.1492979
17.255	2.149914
17.26	2.1505304
17.265	2.151147
17.27	2.1517639
17.275	2.152381
17.28	2.1529983
17.285	2.1536159
17.29	2.1542337
17.295	2.1548517
17.3	2.15547
17.305	2.1560884
17.31	2.156707
17.315	2.1573258
17.32	2.1579447
17.325	2.1585638
17.33	2.1591831
17.335	2.1598025
17.34	2.160422
17.345	2.1610416
17.35	2.1616614
17.355	2.1622813
17.36	2.1629012
17.365	2.1635213
17.37	2.1641414
17.375	2.1647616
17.38	2.1653819
17.385	2.1660022
17.39	2.1666226
17.395	2.167243
17.4	2.1678635
17.405	2.1684839
17.41	2.1691044
17.415	2.1697249
17.42	2.1703454
17.425	2.1709658
17.43	2.1715863
17.435	2.1722067
17.44	2.172827
17.445	2.1734474
17.45	2.1740676
17.455	2.1746878
17.46	2.175308
17.465	2.175928
17.47	2.176548
17.475	2.1771679
17.48	2.1777877
17.485	2.1784073
17.49	2.1790269
17.495	2.1796463
17.5	2.1802655
17.505	2.1808847
17.51	2.1815036
17.515	2.1821225
17.52	2.1827411
17.525	2.1833596
17.53	2.1839779
17.535	2.184596
17.54	2.1852138
17.545	2.1858315
17.55	2.186449
17.555	2.1870662
17.56	2.1876832
17.565	2.1883
17.57	2.1889165
17.575	2.1895328
17.58	2.1901488
17.585	2.1907645
17.59	2.19138
17.595	2.1919951
17.6	2.19261
17.605	2.1932246
17.61	2.1938388
17.615	2.1944528
17.62	2.1950664
17.625	2.1956797
17.63	2.1962926
17.635	2.1969052
17.64	2.1975175
17.645	2.1981293
17.65	2.1987408
17.655	2.199352
17.66	2.1999627
17.665	2.2005731
17.67	2.201183
17.675	2.2017925
17.68	2.2024017
17.685	2.2030104
17.69	2.2036187
17.695	2.2042265
17.7	2.2048339
17.705	2.2054408
17.71	2.2060473
17.715	2.2066533
17.72	2.2072589
17.725	2.207864
17.73	2.2084685
17.735	2.2090726
17.74	2.2096762
17.745	2.2102793
17.75	2.2108819
17.755	2.2114839
17.76	2.2120854
17.765	2.2126864
17.77	2.2132868
17.775	2.2138867
17.78	2.214486
17.785	2.2150848
17.79	2.215683
17.795	2.2162806
17.8	2.2168776
17.805	2.217474
17.81	2.2180699
17.815	2.2186651
17.82	2.2192597
17.825	2.2198537
17.83	2.2204471
17.835	2.2210398
17.84	2.2216319
17.845	2.2222234
17.85	2.2228142
17.855	2.2234044
17.86	2.2239939
17.865	2.2245827
17.87	2.2251708
17.875	2.2257583
17.88	2.226345
17.885	2.2269311
17.89	2.2275165
17.895	2.2281011
17.9	2.2286851
17.905	2.2292683
17.91	2.2298508
17.915	2.2304325
17.92	2.2310135
17.925	2.2315938
17.93	2.2321733
17.935	2.2327521
17.94	2.2333301
17.945	2.2339073
17.95	2.2344837
17.955	2.2350594
17.96	2.2356342
17.965	2.2362083
17.97	2.2367816
17.975	2.237354
17.98	2.2379257
17.985	2.2384965
17.99	2.2390665
17.995	2.2396356
18	2.240204
18.005	2.2407715
18.01	2.2413381
18.015	2.2419039
18.02	2.2424688
18.025	2.2430328
18.03	2.243596
18.035	2.2441583
18.04	2.2447197
18.045	2.2452803
18.05	2.2458399
18.055	2.2463986
18.06	2.2469565
18.065	2.2475134
18.07	2.2480694
18.075	2.2486245
18.08	2.2491786
18.085	2.2497318
18.09	2.2502841
18.095	2.2508354
18.1	2.2513858
18.105	2.2519352
18.11	2.2524837
18.115	2.2530312
18.12	2.2535777
18.125	2.2541233
18.13	2.2546678
18.135	2.2552114
18.14	2.255754
18.145	2.2562956
18.15	2.2568362
18.155	2.2573758
18.16	2.2579144
18.165	2.2584519
18.17	2.2589885
18.175	2.259524
18.18	2.2600585
18.185	2.2605919
18.19	2.2611243
18.195	2.2616557
18.2	2.262186
18.205	2.2627152
18.21	2.2632434
18.215	2.2637705
18.22	2.2642965
18.225	2.2648215
18.23	2.2653454
18.235	2.2658682
18.24	2.2663899
18.245	2.2669105
18.25	2.26743
18.255	2.2679485
18.26	2.2684658
18.265	2.268982
18.27	2.269497
18.275	2.270011
18.28	2.2705238
18.285	2.2710355
18.29	2.2715461
18.295	2.2720555
18.3	2.2725638
18.305	2.2730709
18.31	2.2735769
18.315	2.2740817
18.32	2.2745854
18.325	2.2750879
18.33	2.2755892
18.335	2.2760894
18.34	2.2765883
18.345	2.2770861
18.35	2.2775827
18.355	2.2780781
18.36	2.2785724
18.365	2.2790654
18.37	2.2795572
18.375	2.2800478
18.38	2.2805372
18.385	2.2810254
18.39	2.2815124
18.395	2.2819982
18.4	2.2824827
18.405	2.282966
18.41	2.283448
18.415	2.2839289
18.42	2.2844084
18.425	2.2848868
18.43	2.2853639
18.435	2.2858397
18.44	2.2863143
18.445	2.2867876
18.45	2.2872597
18.455	2.2877305
18.46	2.2882
18.465	2.2886683
18.47	2.2891352
18.475	2.2896009
18.48	2.2900653
18.485	2.2905285
18.49	2.2909903
18.495	2.2914508
18.5	2.2919101
18.505	2.292368
18.51	2.2928246
18.515	2.29328
18.52	2.293734
18.525	2.2941867
18.53	2.2946381
18.535	2.2950881
18.54	2.2955369
18.545	2.2959843
18.55	2.2964304
18.555	2.2968751
18.56	2.2973185
18.565	2.2977606
18.57	2.2982013
18.575	2.2986407
18.58	2.2990787
18.585	2.2995154
18.59	2.2999508
18.595	2.3003848
18.6	2.3008174
18.605	2.3012486
18.61	2.3016785
18.615	2.302107
18.62	2.3025342
18.625	2.30296
18.63	2.3033844
18.635	2.3038074
18.64	2.304229
18.645	2.3046493
18.65	2.3050682
18.655	2.3054857
18.66	2.3059017
18.665	2.3063164
18.67	2.3067297
18.675	2.3071416
18.68	2.3075521
18.685	2.3079612
18.69	2.3083689
18.695	2.3087752
18.7	2.3091801
18.705	2.3095835
18.71	2.3099856
18.715	2.3103862
18.72	2.3107854
18.725	2.3111831
18.73	2.3115795
18.735	2.3119744
18.74	2.3123679
18.745	2.31276
18.75	2.3131506
18.755	2.3135398
18.76	2.3139275
18.765	2.3143139
18.77	2.3146987
18.775	2.3150822
18.78	2.3154641
18.785	2.3158447
18.79	2.3162238
18.795	2.3166014
18.8	2.3169776
18.805	2.3173523
18.81	2.3177256
18.815	2.3180974
18.82	2.3184677
18.825	2.3188366
18.83	2.319204
18.835	2.31957
18.84	2.3199345
18.845	2.3202975
18.85	2.320659
18.855	2.3210191
18.86	2.3213777
18.865	2.3217348
18.87	2.3220904
18.875	2.3224446
18.88	2.3227973
18.885	2.3231485
18.89	2.3234982
18.895	2.3238464
18.9	2.3241932
18.905	2.3245385
18.91	2.3248822
18.915	2.3252245
18.92	2.3255653
18.925	2.3259046
18.93	2.3262424
18.935	2.3265787
18.94	2.3269135
18.945	2.3272468
18.95	2.3275786
18.955	2.327909
18.96	2.3282378
18.965	2.3285651
18.97	2.3288909
18.975	2.3292152
18.98	2.329538
18.985	2.3298593
18.99	2.330179
18.995	2.3304973
19	2.3308141
19.005	2.3311293
19.01	2.3314431
19.015	2.3317553
19.02	2.332066
19.025	2.3323752
19.03	2.3326829
19.035	2.3329891
19.04	2.3332937
19.045	2.3335969
19.05	2.3338985
19.055	2.3341986
19.06	2.3344972
19.065	2.3347942
19.07	2.3350898
19.075	2.3353838
19.08	2.3356763
19.085	2.3359673
19.09	2.3362567
19.095	2.3365447
19.1	2.3368311
19.105	2.337116
19.11	2.3373993
19.115	2.3376811
19.12	2.3379615
19.125	2.3382402
19.13	2.3385175
19.135	2.3387932
19.14	2.3390674
19.145	2.3393401
19.15	2.3396112
19.155	2.3398809
19.16	2.3401489
19.165	2.3404155
19.17	2.3406805
19.175	2.340944
19.18	2.341206
19.185	2.3414665
19.19	2.3417254
19.195	2.3419828
19.2	2.3422386
19.205	2.342493
19.21	2.3427458
19.215	2.342997
19.22	2.3432468
19.225	2.343495
19.23	2.3437417
19.235	2.3439868
19.24	2.3442304
19.245	2.3444725
19.25	2.3447131
19.255	2.3449521
19.26	2.3451896
19.265	2.3454256
19.27	2.3456601
19.275	2.345893
19.28	2.3461244
19.285	2.3463542
19.29	2.3465826
19.295	2.3468094
19.3	2.3470347
19.305	2.3472584
19.31	2.3474807
19.315	2.3477014
19.32	2.3479206
19.325	2.3481382
19.33	2.3483544
19.335	2.348569
19.34	2.3487821
19.345	2.3489936
19.35	2.3492037
19.355	2.3494122
19.36	2.3496192
19.365	2.3498247
19.37	2.3500286
19.375	2.3502311
19.38	2.350432
19.385	2.3506314
19.39	2.3508293
19.395	2.3510256
19.4	2.3512205
19.405	2.3514138
19.41	2.3516057
19.415	2.351796
19.42	2.3519848
19.425	2.3521721
19.43	2.3523578
19.435	2.3525421
19.44	2.3527248
19.445	2.3529061
19.45	2.3530858
19.455	2.3532641
19.46	2.3534408
19.465	2.353616
19.47	2.3537897
19.475	2.353962
19.48	2.3541327
19.485	2.3543019
19.49	2.3544696
19.495	2.3546358
19.5	2.3548005
19.505	2.3549637
19.51	2.3551255
19.515	2.3552857
19.52	2.3554444
19.525	2.3556017
19.53	2.3557574
19.535	2.3559117
19.54	2.3560645
19.545	2.3562158
19.55	2.3563656
19.555	2.3565139
19.56	2.3566608
19.565	2.3568061
19.57	2.35695
19.575	2.3570924
19.58	2.3572333
19.585	2.3573727
19.59	2.3575107
19.595	2.3576472
19.6	2.3577822
19.605	2.3579158
19.61	2.3580479
19.615	2.3581785
19.62	2.3583076
19.625	2.3584353
19.63	2.3585615
19.635	2.3586863
19.64	2.3588096
19.645	2.3589315
19.65	2.3590518
19.655	2.3591708
19.66	2.3592883
19.665	2.3594043
19.67	2.3595189
19.675	2.359632
19.68	2.3597437
19.685	2.3598539
19.69	2.3599627
19.695	2.36007
19.7	2.360176
19.705	2.3602804
19.71	2.3603835
19.715	2.3604851
19.72	2.3605852
19.725	2.360684
19.73	2.3607813
19.735	2.3608772
19.74	2.3609716
19.745	2.3610647
19.75	2.3611563
19.755	2.3612465
19.76	2.3613352
19.765	2.3614226
19.77	2.3615085
19.775	2.3615931
19.78	2.3616762
19.785	2.3617579
19.79	2.3618382
19.795	2.3619171
19.8	2.3619947
19.805	2.3620708
19.81	2.3621455
19.815	2.3622188
19.82	2.3622907
19.825	2.3623612
19.83	2.3624304
19.835	2.3624982
19.84	2.3625645
19.845	2.3626295
19.85	2.3626931
19.855	2.3627554
19.86	2.3628162
19.865	2.3628757
19.87	2.3629338
19.875	2.3629906
19.88	2.3630459
19.885	2.3630999
19.89	2.3631526
19.895	2.3632039
19.9	2.3632538
19.905	2.3633024
19.91	2.3633496
19.915	2.3633955
19.92	2.36344
19.925	2.3634832
19.93	2.3635251
19.935	2.3635656
19.94	2.3636047
19.945	2.3636426
19.95	2.363679
19.955	2.3637142
19.96	2.363748
19.965	2.3637806
19.97	2.3638117
19.975	2.3638416
19.98	2.3638702
19.985	2.3638974
19.99	2.3639233
19.995	2.3639479
20	2.3639712
20.005	2.3639932
20.01	2.3640139
20.015	2.3640333
20.02	2.3640514
20.025	2.3640682
20.03	2.3640837
20.035	2.3640979
20.04	2.3641109
20.045	2.3641225
20.05	2.3641329
20.055	2.364142
20.06	2.3641498
20.065	2.3641563
20.07	2.3641616
20.075	2.3641656
20.08	2.3641683
20.085	2.3641698
20.09	2.36417
20.095	2.364169
20.1	2.3641667
20.105	2.3641632
20.11	2.3641584
20.115	2.3641523
20.12	2.3641451
20.125	2.3641365
20.13	2.3641268
20.135	2.3641158
20.14	2.3641036
20.145	2.3640901
20.15	2.3640755
20.155	2.3640596
20.16	2.3640425
20.165	2.3640241
20.17	2.3640046
20.175	2.3639838
20.18	2.3639619
20.185	2.3639387
20.19	2.3639144
20.195	2.3638888
20.2	2.363862
20.205	2.3638341
20.21	2.363805
20.215	2.3637746
20.22	2.3637431
20.225	2.3637105
20.23	2.3636766
20.235	2.3636416
20.24	2.3636054
20.245	2.363568
20.25	2.3635294
20.255	2.3634897
20.26	2.3634489
20.265	2.3634069
20.27	2.3633637
20.275	2.3633194
20.28	2.3632739
20.285	2.3632273
20.29	2.3631796
20.295	2.3631307
20.3	2.3630807
20.305	2.3630296
20.31	2.3629773
20.315	2.3629239
20.32	2.3628694
20.325	2.3628138
20.33	2.3627571
20.335	2.3626992
20.34	2.3626403
20.345	2.3625802
20.35	2.362519
20.355	2.3624568
20.36	2.3623934
20.365	2.362329
20.37	2.3622635
20.375	2.3621969
20.38	2.3621292
20.385	2.3620604
20.39	2.3619906
20.395	2.3619197
20.4	2.3618477
20.405	2.3617746
20.41	2.3617005
20.415	2.3616254
20.42	2.3615492
20.425	2.3614719
20.43	2.3613936
20.435	2.3613142
20.44	2.3612338
20.445	2.3611524
20.45	2.3610699
20.455	2.3609864
20.46	2.3609019
20.465	2.3608164
20.47	2.3607298
20.475	2.3606422
20.48	2.3605536
20.485	2.360464
20.49	2.3603734
20.495	2.3602818
20.5	2.3601892
20.505	2.3600956
20.51	2.360001
20.515	2.3599054
20.52	2.3598089
20.525	2.3597113
20.53	2.3596128
20.535	2.3595133
20.54	2.3594128
20.545	2.3593114
20.55	2.359209
20.555	2.3591056
20.56	2.3590013
20.565	2.358896
20.57	2.3587898
20.575	2.3586826
20.58	2.3585745
20.585	2.3584655
20.59	2.3583555
20.595	2.3582446
20.6	2.3581327
20.605	2.35802
20.61	2.3579063
20.615	2.3577917
20.62	2.3576761
20.625	2.3575597
20.63	2.3574424
20.635	2.3573241
20.64	2.357205
20.645	2.357085
20.65	2.356964
20.655	2.3568422
20.66	2.3567195
20.665	2.3565959
20.67	2.3564715
20.675	2.3563461
20.68	2.3562199
20.685	2.3560929
20.69	2.3559649
20.695	2.3558361
20.7	2.3557065
20.705	2.355576
20.71	2.3554446
20.715	2.3553125
20.72	2.3551794
20.725	2.3550456
20.73	2.3549108
20.735	2.3547753
20.74	2.354639
20.745	2.3545018
20.75	2.3543638
20.755	2.354225
20.76	2.3540853
20.765	2.3539449
20.77	2.3538037
20.775	2.3536616
20.78	2.3535188
20.785	2.3533752
20.79	2.3532307
20.795	2.3530855
20.8	2.3529396
20.805	2.3527928
20.81	2.3526453
20.815	2.352497
20.82	2.3523479
20.825	2.352198
20.83	2.3520474
20.835	2.3518961
20.84	2.351744
20.845	2.3515911
20.85	2.3514375
20.855	2.3512832
20.86	2.3511281
20.865	2.3509723
20.87	2.3508158
20.875	2.3506585
20.88	2.3505006
20.885	2.3503419
20.89	2.3501824
20.895	2.3500223
20.9	2.3498615
20.905	2.3496999
20.91	2.3495377
20.915	2.3493748
20.92	2.3492112
20.925	2.3490468
20.93	2.3488819
20.935	2.3487162
20.94	2.3485498
20.945	2.3483828
20.95	2.3482151
20.955	2.3480468
20.96	2.3478777
20.965	2.3477081
20.97	2.3475377
20.975	2.3473667
20.98	2.3471951
20.985	2.3470228
20.99	2.3468499
20.995	2.3466764
21	2.3465022
21.005	2.3463274
21.01	2.346152
21.015	2.3459759
21.02	2.3457992
21.025	2.345622
21.03	2.3454441
21.035	2.3452656
21.04	2.3450865
21.045	2.3449068
21.05	2.3447265
21.055	2.3445456
21.06	2.3443642
21.065	2.3441821
21.07	2.3439995
21.075	2.3438163
21.08	2.3436325
21.085	2.3434482
21.09	2.3432633
21.095	2.3430778
21.1	2.3428918
21.105	2.3427052
21.11	2.3425181
21.115	2.3423305
21.12	2.3421423
21.125	2.3419535
21.13	2.3417642
21.135	2.3415744
21.14	2.3413841
21.145	2.3411933
21.15	2.3410019
21.155	2.34081
21.16	2.3406176
21.165	2.3404247
21.17	2.3402313
21.175	2.3400374
21.18	2.339843
21.185	2.3396481
21.19	2.3394527
21.195	2.3392568
21.2	2.3390605
21.205	2.3388636
21.21	2.3386663
21.215	2.3384686
21.22	2.3382703
21.225	2.3380716
21.23	2.3378725
21.235	2.3376728
21.24	2.3374728
21.245	2.3372723
21.25	2.3370713
21.255	2.3368699
21.26	2.3366681
21.265	2.3364658
21.27	2.3362631
21.275	2.33606
21.28	2.3358564
21.285	2.3356525
21.29	2.3354481
21.295	2.3352433
21.3	2.3350381
21.305	2.3348325
21.31	2.3346265
21.315	2.3344202
21.32	2.3342134
21.325	2.3340062
21.33	2.3337986
21.335	2.3335907
21.34	2.3333824
21.345	2.3331737
21.35	2.3329646
21.355	2.3327552
21.36	2.3325454
21.365	2.3323353
21.37	2.3321248
21.375	2.3319139
21.38	2.3317027
21.385	2.3314912
21.39	2.3312793
21.395	2.3310671
21.4	2.3308545
21.405	2.3306416
21.41	2.3304284
21.415	2.3302149
21.42	2.330001
21.425	2.3297868
21.43	2.3295724
21.435	2.3293576
21.44	2.3291425
21.445	2.3289271
21.45	2.3287114
21.455	2.3284954
21.46	2.3282791
21.465	2.3280625
21.47	2.3278457
21.475	2.3276285
21.48	2.3274111
21.485	2.3271935
21.49	2.3269755
21.495	2.3267573
21.5	2.3265388
21.505	2.3263201
21.51	2.3261011
21.515	2.3258819
21.52	2.3256624
21.525	2.3254427
21.53	2.3252227
21.535	2.3250025
21.54	2.324782
21.545	2.3245614
21.55	2.3243405
21.555	2.3241193
21.56	2.323898
21.565	2.3236764
21.57	2.3234547
21.575	2.3232327
21.58	2.3230105
21.585	2.3227881
21.59	2.3225655
21.595	2.3223427
21.6	2.3221198
21.605	2.3218966
21.61	2.3216733
21.615	2.3214497
21.62	2.321226
21.625	2.3210022
21.63	2.3207781
21.635	2.3205539
21.64	2.3203295
21.645	2.320105
21.65	2.3198802
21.655	2.3196554
21.66	2.3194304
21.665	2.3192052
21.67	2.3189799
21.675	2.3187545
21.68	2.3185289
21.685	2.3183032
21.69	2.3180774
21.695	2.3178514
21.7	2.3176253
21.705	2.3173991
21.71	2.3171728
21.715	2.3169463
21.72	2.3167198
21.725	2.3164931
21.73	2.3162663
21.735	2.3160395
21.74	2.3158125
21.745	2.3155855
21.75	2.3153583
21.755	2.3151311
21.76	2.3149038
21.765	2.3146764
21.77	2.3144489
21.775	2.3142213
21.78	2.3139937
21.785	2.313766
21.79	2.3135383
21.795	2.3133104
21.8	2.3130826
21.805	2.3128546
21.81	2.3126267
21.815	2.3123986
21.82	2.3121706
21.825	2.3119424
21.83	2.3117143
21.835	2.3114861
21.84	2.3112579
21.845	2.3110296
21.85	2.3108013
21.855	2.310573
21.86	2.3103447
21.865	2.3101164
21.87	2.309888
21.875	2.3096597
21.88	2.3094313
21.885	2.3092029
21.89	2.3089745
21.895	2.3087462
21.9	2.3085178
21.905	2.3082894
21.91	2.3080611
21.915	2.3078327
21.92	2.3076044
21.925	2.3073761
21.93	2.3071478
21.935	2.3069196
21.94	2.3066914
21.945	2.3064632
21.95	2.306235
21.955	2.3060069
21.96	2.3057788
21.965	2.3055508
21.97	2.3053228
21.975	2.3050949
21.98	2.304867
21.985	2.3046392
21.99	2.3044115
21.995	2.3041838
22	2.3039561
22.005	2.3037286
22.01	2.3035011
22.015	2.3032737
22.02	2.3030463
22.025	2.302819
22.03	2.3025919
22.035	2.3023648
22.04	2.3021378
22.045	2.3019109
22.05	2.301684
22.055	2.3014573
22.06	2.3012307
22.065	2.3010042
22.07	2.3007778
22.075	2.3005515
22.08	2.3003253
22.085	2.3000992
22.09	2.2998732
22.095	2.2996474
22.1	2.2994217
22.105	2.2991961
22.11	2.2989706
22.115	2.2987453
22.12	2.2985201
22.125	2.298295
22.13	2.2980701
22.135	2.2978453
22.14	2.2976207
22.145	2.2973962
22.15	2.2971718
22.155	2.2969477
22.16	2.2967236
22.165	2.2964998
22.17	2.296276
22.175	2.2960525
22.18	2.2958291
22.185	2.2956059
22.19	2.2953829
22.195	2.29516
22.2	2.2949373
22.205	2.2947148
22.21	2.2944925
22.215	2.2942703
22.22	2.2940484
22.225	2.2938266
22.23	2.293605
22.235	2.2933836
22.24	2.2931625
22.245	2.2929415
22.25	2.2927207
22.255	2.2925001
22.26	2.2922797
22.265	2.2920596
22.27	2.2918397
22.275	2.2916199
22.28	2.2914004
22.285	2.2911811
22.29	2.2909621
22.295	2.2907432
22.3	2.2905246
22.305	2.2903062
22.31	2.2900881
22.315	2.2898702
22.32	2.2896525
22.325	2.289435
22.33	2.2892178
22.335	2.2890009
22.34	2.2887842
22.345	2.2885677
22.35	2.2883515
22.355	2.2881356
22.36	2.2879199
22.365	2.2877045
22.37	2.2874893
22.375	2.2872744
22.38	2.2870597
22.385	2.2868454
22.39	2.2866313
22.395	2.2864174
22.4	2.2862039
22.405	2.2859906
22.41	2.2857776
22.415	2.2855649
22.42	2.2853525
22.425	2.2851403
22.43	2.2849285
22.435	2.2847169
22.44	2.2845056
22.445	2.2842946
22.45	2.284084
22.455	2.2838736
22.46	2.2836635
22.465	2.2834537
22.47	2.2832443
22.475	2.2830351
22.48	2.2828263
22.485	2.2826177
22.49	2.2824095
22.495	2.2822016
22.5	2.281994
22.505	2.2817868
22.51	2.2815798
22.515	2.2813732
22.52	2.2811669
22.525	2.280961
22.53	2.2807553
22.535	2.2805501
22.54	2.2803451
22.545	2.2801405
22.55	2.2799362
22.555	2.2797323
22.56	2.2795287
22.565	2.2793254
22.57	2.2791225
22.575	2.27892
22.58	2.2787178
22.585	2.2785159
22.59	2.2783144
22.595	2.2781133
22.6	2.2779125
22.605	2.2777121
22.61	2.2775121
22.615	2.2773124
22.62	2.2771131
22.625	2.2769141
22.63	2.2767156
22.635	2.2765174
22.64	2.2763195
22.645	2.2761221
22.65	2.275925
22.655	2.2757283
22.66	2.275532
22.665	2.2753361
22.67	2.2751405
22.675	2.2749454
22.68	2.2747506
22.685	2.2745562
22.69	2.2743623
22.695	2.2741687
22.7	2.2739755
22.705	2.2737827
22.71	2.2735903
22.715	2.2733983
22.72	2.2732067
22.725	2.2730155
22.73	2.2728247
22.735	2.2726344
22.74	2.2724444
22.745	2.2722549
22.75	2.2720657
22.755	2.271877
22.76	2.2716887
22.765	2.2715008
22.77	2.2713133
22.775	2.2711263
22.78	2.2709397
22.785	2.2707535
22.79	2.2705677
22.795	2.2703823
22.8	2.2701974
22.805	2.2700129
22.81	2.2698289
22.815	2.2696453
22.82	2.2694621
22.825	2.2692793
22.83	2.269097
22.835	2.2689151
22.84	2.2687337
22.845	2.2685527
22.85	2.2683722
22.855	2.2681921
22.86	2.2680124
22.865	2.2678332
22.87	2.2676545
22.875	2.2674762
22.88	2.2672983
22.885	2.2671209
22.89	2.266944
22.895	2.2667675
22.9	2.2665915
22.905	2.2664159
22.91	2.2662408
22.915	2.2660662
22.92	2.265892
22.925	2.2657183
22.93	2.265545
22.935	2.2653722
22.94	2.2651999
22.945	2.2650281
22.95	2.2648567
22.955	2.2646858
22.96	2.2645154
22.965	2.2643455
22.97	2.264176
22.975	2.264007
22.98	2.2638385
22.985	2.2636705
22.99	2.2635029
22.995	2.2633358
23	2.2631692
23.005	2.2630031
23.01	2.2628375
23.015	2.2626724
23.02	2.2625078
23.025	2.2623436
23.03	2.26218
23.035	2.2620168
23.04	2.2618541
23.045	2.2616919
23.05	2.2615302
23.055	2.2613691
23.06	2.2612084
23.065	2.2610482
23.07	2.2608885
23.075	2.2607293
23.08	2.2605706
23.085	2.2604124
23.09	2.2602547
23.095	2.2600975
23.1	2.2599409
23.105	2.2597847
23.11	2.259629
23.115	2.2594739
23.12	2.2593192
23.125	2.2591651
23.13	2.2590115
23.135	2.2588584
23.14	2.2587058
23.145	2.2585537
23.15	2.2584021
23.155	2.2582511
23.16	2.2581005
23.165	2.2579505
23.17	2.257801
23.175	2.2576521
23.18	2.2575036
23.185	2.2573557
23.19	2.2572083
23.195	2.2570614
23.2	2.256915
23.205	2.2567692
23.21	2.2566238
23.215	2.256479
23.22	2.2563348
23.225	2.256191
23.23	2.2560478
23.235	2.2559052
23.24	2.255763
23.245	2.2556214
23.25	2.2554803
23.255	2.2553398
23.26	2.2551997
23.265	2.2550603
23.27	2.2549213
23.275	2.2547829
23.28	2.254645
23.285	2.2545077
23.29	2.2543709
23.295	2.2542346
23.3	2.2540989
23.305	2.2539637
23.31	2.253829
23.315	2.2536949
23.32	2.2535613
23.325	2.2534283
23.33	2.2532958
23.335	2.2531639
23.34	2.2530325
23.345	2.2529016
23.35	2.2527713
23.355	2.2526415
23.36	2.2525123
23.365	2.2523836
23.37	2.2522555
23.375	2.2521279
23.38	2.2520009
23.385	2.2518744
23.39	2.2517484
23.395	2.251623
23.4	2.2514982
23.405	2.2513739
23.41	2.2512502
23.415	2.251127
23.42	2.2510044
23.425	2.2508823
23.43	2.2507607
23.435	2.2506397
23.44	2.2505193
23.445	2.2503994
23.45	2.2502801
23.455	2.2501614
23.46	2.2500431
23.465	2.2499255
23.47	2.2498084
23.475	2.2496918
23.48	2.2495758
23.485	2.2494604
23.49	2.2493455
23.495	2.2492312
23.5	2.2491175
23.505	2.2490042
23.51	2.2488916
23.515	2.2487795
23.52	2.248668
23.525	2.248557
23.53	2.2484466
23.535	2.2483367
23.54	2.2482274
23.545	2.2481187
23.55	2.2480105
23.555	2.2479029
23.56	2.2477959
23.565	2.2476894
23.57	2.2475834
23.575	2.2474781
23.58	2.2473732
23.585	2.247269
23.59	2.2471653
23.595	2.2470622
23.6	2.2469596
23.605	2.2468576
23.61	2.2467562
23.615	2.2466553
23.62	2.246555
23.625	2.2464552
23.63	2.246356
23.635	2.2462574
23.64	2.2461593
23.645	2.2460618
23.65	2.2459649
23.655	2.2458685
23.66	2.2457727
23.665	2.2456774
23.67	2.2455827
23.675	2.2454886
23.68	2.245395
23.685	2.245302
23.69	2.2452096
23.695	2.2451177
23.7	2.2450264
23.705	2.2449356
23.71	2.2448455
23.715	2.2447558
23.72	2.2446668
23.725	2.2445783
23.73	2.2444903
23.735	2.244403
23.74	2.2443161
23.745	2.2442299
23.75	2.2441442
23.755	2.2440591
23.76	2.2439745
23.765	2.2438905
23.77	2.2438071
23.775	2.2437242
23.78	2.2436419
23.785	2.2435601
23.79	2.2434789
23.795	2.2433983
23.8	2.2433182
23.805	2.2432387
23.81	2.2431598
23.815	2.2430814
23.82	2.2430036
23.825	2.2429263
23.83	2.2428496
23.835	2.2427735
23.84	2.2426979
23.845	2.2426228
23.85	2.2425484
23.855	2.2424745
23.86	2.2424011
23.865	2.2423283
23.87	2.2422561
23.875	2.2421844
23.88	2.2421133
23.885	2.2420427
23.89	2.2419727
23.895	2.2419033
23.9	2.2418344
23.905	2.2417661
23.91	2.2416983
23.915	2.2416311
23.92	2.2415644
23.925	2.2414983
23.93	2.2414327
23.935	2.2413677
23.94	2.2413033
23.945	2.2412394
23.95	2.241176
23.955	2.2411132
23.96	2.241051
23.965	2.2409893
23.97	2.2409282
23.975	2.2408676
23.98	2.2408076
23.985	2.2407481
23.99	2.2406891
23.995	2.2406308
24	2.2405729
24.005	2.2405156
24.01	2.2404589
24.015	2.2404027
24.02	2.2403471
24.025	2.240292
24.03	2.2402374
24.035	2.2401834
24.04	2.24013
24.045	2.240077
24.05	2.2400247
24.055	2.2399728
24.06	2.2399216
24.065	2.2398708
24.07	2.2398206
24.075	2.239771
24.08	2.2397219
24.085	2.2396733
24.09	2.2396253
24.095	2.2395778
24.1	2.2395308
24.105	2.2394844
24.11	2.2394385
24.115	2.2393932
24.12	2.2393484
24.125	2.2393041
24.13	2.2392604
24.135	2.2392172
24.14	2.2391745
24.145	2.2391324
24.15	2.2390908
24.155	2.2390497
24.16	2.2390092
24.165	2.2389692
24.17	2.2389297
24.175	2.2388908
24.18	2.2388523
24.185	2.2388145
24.19	2.2387771
24.195	2.2387403
24.2	2.238704
24.205	2.2386682
24.21	2.238633
24.215	2.2385982
24.22	2.238564
24.225	2.2385303
24.23	2.2384972
24.235	2.2384646
24.24	2.2384324
24.245	2.2384008
24.25	2.2383698
24.255	2.2383392
24.26	2.2383092
24.265	2.2382797
24.27	2.2382507
24.275	2.2382222
24.28	2.2381942
24.285	2.2381667
24.29	2.2381398
24.295	2.2381134
24.3	2.2380874
24.305	2.238062
24.31	2.2380371
24.315	2.2380127
24.32	2.2379889
24.325	2.2379655
24.33	2.2379426
24.335	2.2379203
24.34	2.2378984
24.345	2.237877
24.35	2.2378562
24.355	2.2378359
24.36	2.237816
24.365	2.2377967
24.37	2.2377778
24.375	2.2377595
24.38	2.2377417
24.385	2.2377243
24.39	2.2377075
24.395	2.2376911
24.4	2.2376753
24.405	2.2376599
24.41	2.237645
24.415	2.2376306
24.42	2.2376168
24.425	2.2376034
24.43	2.2375905
24.435	2.237578
24.44	2.2375661
24.445	2.2375547
24.45	2.2375437
24.455	2.2375333
24.46	2.2375233
24.465	2.2375138
24.47	2.2375047
24.475	2.2374962
24.48	2.2374881
24.485	2.2374806
24.49	2.2374735
24.495	2.2374668
24.5	2.2374607
24.505	2.237455
24.51	2.2374498
24.515	2.2374451
24.52	2.2374408
24.525	2.2374371
24.53	2.2374338
24.535	2.2374309
24.54	2.2374285
24.545	2.2374266
24.55	2.2374252
24.555	2.2374242
24.56	2.2374237
24.565	2.2374237
24.57	2.2374241
24.575	2.237425
24.58	2.2374263
24.585	2.2374281
24.59	2.2374304
24.595	2.2374331
24.6	2.2374363
24.605	2.2374399
24.61	2.237444
24.615	2.2374485
24.62	2.2374535
24.625	2.2374589
24.63	2.2374648
24.635	2.2374711
24.64	2.2374779
24.645	2.2374851
24.65	2.2374928
24.655	2.2375009
24.66	2.2375095
24.665	2.2375185
24.67	2.2375279
24.675	2.2375378
24.68	2.2375481
24.685	2.2375589
24.69	2.2375701
24.695	2.2375817
24.7	2.2375938
24.705	2.2376063
24.71	2.2376192
24.715	2.2376326
24.72	2.2376464
24.725	2.2376606
24.73	2.2376752
24.735	2.2376903
24.74	2.2377058
24.745	2.2377217
24.75	2.237738
24.755	2.2377548
24.76	2.237772
24.765	2.2377896
24.77	2.2378076
24.775	2.2378261
24.78	2.2378449
24.785	2.2378642
24.79	2.2378839
24.795	2.237904
24.8	2.2379245
24.805	2.2379454
24.81	2.2379667
24.815	2.2379884
24.82	2.2380106
24.825	2.2380331
24.83	2.238056
24.835	2.2380794
24.84	2.2381031
24.845	2.2381273
24.85	2.2381518
24.855	2.2381768
24.86	2.2382021
24.865	2.2382279
24.87	2.238254
24.875	2.2382805
24.88	2.2383074
24.885	2.2383347
24.89	2.2383624
24.895	2.2383905
24.9	2.238419
24.905	2.2384478
24.91	2.2384771
24.915	2.2385067
24.92	2.2385367
24.925	2.2385671
24.93	2.2385978
24.935	2.238629
24.94	2.2386605
24.945	2.2386924
24.95	2.2387246
24.955	2.2387573
24.96	2.2387903
24.965	2.2388237
24.97	2.2388574
24.975	2.2388915
24.98	2.238926
24.985	2.2389609
24.99	2.2389961
24.995	2.2390316
25	2.2390676
